1676075895.598013 39.482360 -87.324010 133.000000 -0.700000 0.000000 5.924000
1676075895.604422 39.482360 -87.324010 133.000000 -0.700000 -5.590011 -2.014732
1676075895.610776 39.482360 -87.324010 133.000000 -0.700000 -5.590011 -2.014732
1676075895.617264 39.482360 -87.324010 133.000000 -0.700000 -5.590011 -2.014732
1676075895.623512 39.482360 -87.324010 133.000000 -0.700000 -5.590011 -2.014732
1676075895.630374 39.482360 -87.324010 133.000000 -0.700000 -5.590011 -2.014732
1676075895.636734 39.482360 -87.324010 133.000000 -0.700000 -5.590011 -2.014732
1676075895.642940 39.482360 -87.324010 133.000000 -0.700000 -5.590011 -2.014732
1676075895.649636 39.482360 -87.324010 133.000000 -0.700000 -5.590011 -2.014732
1676075895.655868 39.482360 -87.324010 133.000000 -0.700000 -5.590011 -2.014732
1676075896.643272 39.482343 -87.324092 132.200000 -0.800000 0.000000 7.266000
1676075896.649513 39.482343 -87.324092 132.200000 -0.800000 -6.698026 -2.575156
1676075896.655823 39.482343 -87.324092 132.200000 -0.800000 -6.698026 -2.575156
1676075896.662235 39.482343 -87.324092 132.200000 -0.800000 -6.698026 -2.575156
1676075896.668472 39.482343 -87.324092 132.200000 -0.800000 -6.698026 -2.575156
1676075896.674865 39.482343 -87.324092 132.200000 -0.800000 -6.698026 -2.575156
1676075896.681538 39.482343 -87.324092 132.200000 -0.800000 -6.698026 -2.575156
1676075896.687778 39.482343 -87.324092 132.200000 -0.800000 -6.698026 -2.575156
1676075896.694599 39.482343 -87.324092 132.200000 -0.800000 -6.698026 -2.575156
1676075896.701160 39.482343 -87.324092 132.200000 -0.800000 -6.698026 -2.575156
1676075897.703064 39.482323 -87.324170 131.400000 -0.800000 0.000000 7.096000
1676075897.709397 39.482323 -87.324170 131.400000 -0.800000 0.000000 7.096000
1676075897.715623 39.482323 -87.324170 131.400000 -0.800000 -6.885134 -2.470659
1676075897.722427 39.482323 -87.324170 131.400000 -0.800000 -6.885134 -2.470659
1676075897.728708 39.482323 -87.324170 131.400000 -0.800000 -6.885134 -2.470659
1676075897.734943 39.482323 -87.324170 131.400000 -0.800000 -6.885134 -2.470659
1676075897.741299 39.482323 -87.324170 131.400000 -0.800000 -6.885134 -2.470659
1676075897.747671 39.482323 -87.324170 131.400000 -0.800000 -6.885134 -2.470659
1676075897.754035 39.482323 -87.324170 131.400000 -0.800000 -6.885134 -2.470659
1676075897.760406 39.482323 -87.324170 131.400000 -0.800000 -6.885134 -2.470659
1676075898.758005 39.482303 -87.324253 130.600000 -0.800000 0.000000 7.506000
1676075898.764330 39.482303 -87.324253 130.600000 -0.800000 -7.312653 -3.101025
1676075898.770621 39.482303 -87.324253 130.600000 -0.800000 -7.312653 -3.101025
1676075898.777221 39.482303 -87.324253 130.600000 -0.800000 -7.312653 -3.101025
1676075898.783653 39.482303 -87.324253 130.600000 -0.800000 -7.312653 -3.101025
1676075898.790509 39.482303 -87.324253 130.600000 -0.800000 -7.312653 -3.101025
1676075898.797075 39.482303 -87.324253 130.600000 -0.800000 -7.312653 -3.101025
1676075898.803309 39.482303 -87.324253 130.600000 -0.800000 -7.312653 -3.101025
1676075898.809980 39.482303 -87.324253 130.600000 -0.800000 -7.312653 -3.101025
1676075898.816530 39.482303 -87.324253 130.600000 -0.800000 -7.312653 -3.101025
1676075899.810928 39.482278 -87.324342 129.800000 -0.800000 0.000000 8.091000
1676075899.817090 39.482278 -87.324342 129.800000 -0.800000 -7.827489 -3.957379
1676075899.823842 39.482278 -87.324342 129.800000 -0.800000 -7.827489 -3.957379
1676075899.829954 39.482278 -87.324342 129.800000 -0.800000 -7.827489 -3.957379
1676075899.836319 39.482278 -87.324342 129.800000 -0.800000 -7.827489 -3.957379
1676075899.842674 39.482278 -87.324342 129.800000 -0.800000 -7.827489 -3.957379
1676075899.849042 39.482278 -87.324342 129.800000 -0.800000 -7.827489 -3.957379
1676075899.855443 39.482278 -87.324342 129.800000 -0.800000 -7.827489 -3.957379
1676075899.861806 39.482278 -87.324342 129.800000 -0.800000 -7.827489 -3.957379
1676075899.868170 39.482278 -87.324342 129.800000 -0.800000 -7.827489 -3.957379
1676075900.862361 39.482248 -87.324435 129.000000 -0.800000 0.000000 8.693000
1676075900.868344 39.482248 -87.324435 129.000000 -0.800000 -8.264135 -4.679432
1676075900.874766 39.482248 -87.324435 129.000000 -0.800000 -8.264135 -4.679432
1676075900.881257 39.482248 -87.324435 129.000000 -0.800000 -8.264135 -4.679432
1676075900.887496 39.482248 -87.324435 129.000000 -0.800000 -8.264135 -4.679432
1676075900.894356 39.482248 -87.324435 129.000000 -0.800000 -8.264135 -4.679432
1676075900.900713 39.482248 -87.324435 129.000000 -0.800000 -8.264135 -4.679432
1676075900.906958 39.482248 -87.324435 129.000000 -0.800000 -8.264135 -4.679432
1676075900.913314 39.482248 -87.324435 129.000000 -0.800000 -8.264135 -4.679432
1676075900.919678 39.482248 -87.324435 129.000000 -0.800000 -8.264135 -4.679432
1676075901.910690 39.482207 -87.324530 129.800000 0.800000 0.000000 9.392000
1676075901.916876 39.482207 -87.324530 129.800000 0.800000 -8.432597 -5.480379
1676075901.923178 39.482207 -87.324530 129.800000 0.800000 -8.432597 -5.480379
1676075901.929779 39.482207 -87.324530 129.800000 0.800000 -8.432597 -5.480379
1676075901.936012 39.482207 -87.324530 129.800000 0.800000 -8.432597 -5.480379
1676075901.942372 39.482207 -87.324530 129.800000 0.800000 -8.432597 -5.480379
1676075901.949053 39.482207 -87.324530 129.800000 0.800000 -8.432597 -5.480379
1676075901.955291 39.482207 -87.324530 129.800000 0.800000 -8.432597 -5.480379
1676075901.961661 39.482207 -87.324530 129.800000 0.800000 -8.432597 -5.480379
1676075901.968023 39.482207 -87.324530 129.800000 0.800000 -8.432597 -5.480379
1676075902.973895 39.482165 -87.324628 129.300000 -0.500000 0.000000 9.642000
1676075902.980446 39.482165 -87.324628 129.300000 -0.500000 0.000000 9.642000
1676075902.986597 39.482165 -87.324628 129.300000 -0.500000 -8.626390 -5.785773
1676075902.993201 39.482165 -87.324628 129.300000 -0.500000 -8.626390 -5.785773
1676075902.999398 39.482165 -87.324628 129.300000 -0.500000 -8.626390 -5.785773
1676075903.009457 39.482120 -87.324723 128.700000 -0.600000 0.000000 9.579000
1676075903.015682 39.482120 -87.324723 128.700000 -0.600000 0.000000 9.579000
1676075903.022615 39.482120 -87.324723 128.700000 -0.600000 0.000000 9.579000
1676075903.028815 39.482120 -87.324723 128.700000 -0.600000 0.000000 9.579000
1676075903.035175 39.482120 -87.324723 128.700000 -0.600000 0.000000 9.579000
1676075904.032064 39.482120 -87.324723 128.700000 -0.600000 -8.571414 -5.820754
1676075904.038431 39.482120 -87.324723 128.700000 -0.600000 -8.571414 -5.820754
1676075904.044846 39.482122 -87.324838 127.900000 -0.800000 0.000000 9.896000
1676075904.051083 39.482122 -87.324838 127.900000 -0.800000 0.000000 9.896000
1676075904.057444 39.482122 -87.324838 127.900000 -0.800000 0.000000 9.896000
1676075904.063821 39.482122 -87.324838 127.900000 -0.800000 0.000000 9.896000
1676075904.070255 39.482122 -87.324838 127.900000 -0.800000 0.000000 9.896000
1676075904.076629 39.482122 -87.324838 127.900000 -0.800000 0.000000 9.896000
1676075904.082990 39.482122 -87.324838 127.900000 -0.800000 0.000000 9.896000
1676075904.089660 39.482122 -87.324838 127.900000 -0.800000 0.000000 9.896000
1676075905.084038 39.482122 -87.324838 127.900000 -0.800000 -8.492196 -5.310636
1676075905.090891 39.482122 -87.324838 127.900000 -0.800000 -8.492196 -5.310636
1676075905.097397 39.482100 -87.324947 127.100000 -0.800000 0.000000 9.626000
1676075905.103500 39.482100 -87.324947 127.100000 -0.800000 0.000000 9.626000
1676075905.110707 39.482100 -87.324947 127.100000 -0.800000 0.000000 9.626000
1676075905.117285 39.482100 -87.324947 127.100000 -0.800000 0.000000 9.626000
1676075905.123519 39.482100 -87.324947 127.100000 -0.800000 0.000000 9.626000
1676075905.130390 39.482100 -87.324947 127.100000 -0.800000 0.000000 9.626000
1676075905.136740 39.482100 -87.324947 127.100000 -0.800000 0.000000 9.626000
1676075905.142976 39.482100 -87.324947 127.100000 -0.800000 0.000000 9.626000
1676075906.137120 39.482100 -87.324947 127.100000 -0.800000 -8.350002 -4.900876
1676075906.143786 39.482100 -87.324947 127.100000 -0.800000 -8.350002 -4.900876
1676075906.150014 39.482062 -87.325037 126.500000 -0.600000 0.000000 8.836000
1676075906.156260 39.482062 -87.325037 126.500000 -0.600000 0.000000 8.836000
1676075906.170499 39.482062 -87.325037 126.500000 -0.600000 -7.761989 -4.311400
1676075906.176331 39.482062 -87.325037 126.500000 -0.600000 -7.761989 -4.311400
1676075906.182669 39.482062 -87.325037 126.500000 -0.600000 -7.761989 -4.311400
1676075906.189348 39.482062 -87.325037 126.500000 -0.600000 -7.761989 -4.311400
1676075906.195627 39.482062 -87.325037 126.500000 -0.600000 -7.761989 -4.311400
1676075906.201991 39.482062 -87.325037 126.500000 -0.600000 -7.761989 -4.311400
1676075907.188840 39.482062 -87.325037 126.500000 -0.600000 -7.761989 -4.311400
1676075907.195202 39.482028 -87.325115 126.200000 -0.300000 0.000000 7.689000
1676075907.201419 39.482028 -87.325115 126.200000 -0.300000 0.000000 7.689000
1676075907.207782 39.482028 -87.325115 126.200000 -0.300000 0.000000 7.689000
1676075907.214321 39.482028 -87.325115 126.200000 -0.300000 0.000000 7.689000
1676075907.220510 39.482028 -87.325115 126.200000 -0.300000 0.000000 7.689000
1676075907.227011 39.482028 -87.325115 126.200000 -0.300000 0.000000 7.689000
1676075907.233246 39.482028 -87.325115 126.200000 -0.300000 0.000000 7.689000
1676075907.239744 39.482028 -87.325115 126.200000 -0.300000 0.000000 7.689000
1676075907.246005 39.482028 -87.325115 126.200000 -0.300000 0.000000 7.689000
1676075908.262524 39.482028 -87.325115 126.200000 -0.300000 0.000000 7.689000
1676075908.267822 39.482028 -87.325115 126.200000 -0.300000 -7.077937 -3.615730
1676075908.274332 39.482028 -87.325115 126.200000 -0.300000 -7.077937 -3.615730
1676075908.280548 39.481997 -87.325193 125.500000 -0.700000 0.000000 7.601000
1676075908.286881 39.481997 -87.325193 125.500000 -0.700000 -6.821636 -3.334506
1676075908.293442 39.481997 -87.325193 125.500000 -0.700000 -6.821636 -3.334506
1676075908.299991 39.481997 -87.325193 125.500000 -0.700000 -6.821636 -3.334506
1676075908.310813 39.481997 -87.325193 125.500000 -0.700000 -6.821636 -3.334506
1676075908.317028 39.481997 -87.325193 125.500000 -0.700000 -6.821636 -3.334506
1676075908.323354 39.481997 -87.325193 125.500000 -0.700000 -6.821636 -3.334506
1676075909.318693 39.481978 -87.325285 125.000000 -0.500000 0.000000 8.145000
1676075909.324885 39.481978 -87.325285 125.000000 -0.500000 -7.272860 -2.685984
1676075909.331146 39.481978 -87.325285 125.000000 -0.500000 -7.272860 -2.685984
1676075909.337777 39.481978 -87.325285 125.000000 -0.500000 -7.272860 -2.685984
1676075909.344015 39.481978 -87.325285 125.000000 -0.500000 -7.272860 -2.685984
1676075909.350377 39.481978 -87.325285 125.000000 -0.500000 -7.272860 -2.685984
1676075909.357056 39.481978 -87.325285 125.000000 -0.500000 -7.272860 -2.685984
1676075909.363297 39.481978 -87.325285 125.000000 -0.500000 -7.272860 -2.685984
1676075909.369972 39.481978 -87.325285 125.000000 -0.500000 -7.272860 -2.685984
1676075909.376211 39.481978 -87.325285 125.000000 -0.500000 -7.272860 -2.685984
1676075910.369168 39.481968 -87.325367 124.400000 -0.600000 0.000000 7.113000
1676075910.375352 39.481968 -87.325367 124.400000 -0.600000 -7.188715 -1.809682
1676075910.381954 39.481968 -87.325367 124.400000 -0.600000 -7.188715 -1.809682
1676075910.388125 39.481968 -87.325367 124.400000 -0.600000 -7.188715 -1.809682
1676075910.394687 39.481968 -87.325367 124.400000 -0.600000 -7.188715 -1.809682
1676075910.400932 39.481968 -87.325367 124.400000 -0.600000 -7.188715 -1.809682
1676075910.407299 39.481968 -87.325367 124.400000 -0.600000 -7.188715 -1.809682
1676075910.413671 39.481968 -87.325367 124.400000 -0.600000 -7.188715 -1.809682
1676075910.420036 39.481968 -87.325367 124.400000 -0.600000 -7.188715 -1.809682
1676075910.426387 39.481968 -87.325367 124.400000 -0.600000 -7.188715 -1.809682
1676075911.421836 39.481963 -87.325463 123.900000 -0.500000 0.000000 8.335000
1676075911.428335 39.481963 -87.325463 123.900000 -0.500000 -7.768168 -1.448161
1676075911.434607 39.481963 -87.325463 123.900000 -0.500000 -7.768168 -1.448161
1676075911.441140 39.481963 -87.325463 123.900000 -0.500000 -7.768168 -1.448161
1676075911.447372 39.481963 -87.325463 123.900000 -0.500000 -7.768168 -1.448161
1676075911.454236 39.481963 -87.325463 123.900000 -0.500000 -7.768168 -1.448161
1676075911.460701 39.481963 -87.325463 123.900000 -0.500000 -7.768168 -1.448161
1676075911.466887 39.481963 -87.325463 123.900000 -0.500000 -7.768168 -1.448161
1676075911.473241 39.481963 -87.325463 123.900000 -0.500000 -7.768168 -1.448161
1676075911.479641 39.481963 -87.325463 123.900000 -0.500000 -7.768168 -1.448161
1676075912.479249 39.481958 -87.325557 123.300000 -0.600000 0.000000 8.049000
1676075912.486015 39.481958 -87.325557 123.300000 -0.600000 0.000000 8.049000
1676075912.492240 39.481958 -87.325557 123.300000 -0.600000 -7.920189 -1.127210
1676075912.498370 39.481958 -87.325557 123.300000 -0.600000 -7.920189 -1.127210
1676075912.504729 39.481958 -87.325557 123.300000 -0.600000 -7.920189 -1.127210
1676075912.512438 39.481958 -87.325557 123.300000 -0.600000 -7.920189 -1.127210
1676075912.518884 39.481958 -87.325557 123.300000 -0.600000 -7.920189 -1.127210
1676075912.525378 39.481958 -87.325557 123.300000 -0.600000 -7.920189 -1.127210
1676075912.532954 39.481958 -87.325557 123.300000 -0.600000 -7.920189 -1.127210
1676075912.542932 39.481958 -87.325557 123.300000 -0.600000 -7.920189 -1.127210
1676075913.527113 39.481958 -87.325653 122.800000 -0.500000 0.000000 8.317000
1676075913.533422 39.481958 -87.325653 122.800000 -0.500000 -8.066801 -0.698661
1676075913.539913 39.481958 -87.325653 122.800000 -0.500000 -8.066801 -0.698661
1676075913.550468 39.481958 -87.325653 122.800000 -0.500000 -8.066801 -0.698661
1676075913.556920 39.481958 -87.325653 122.800000 -0.500000 -8.066801 -0.698661
1676075913.563356 39.481958 -87.325653 122.800000 -0.500000 -8.066801 -0.698661
1676075913.569774 39.481958 -87.325653 122.800000 -0.500000 -8.066801 -0.698661
1676075913.576074 39.481958 -87.325653 122.800000 -0.500000 -8.066801 -0.698661
1676075913.582430 39.481958 -87.325653 122.800000 -0.500000 -8.066801 -0.698661
1676075913.588792 39.481958 -87.325653 122.800000 -0.500000 -8.066801 -0.698661
1676075914.581780 39.481968 -87.325753 122.100000 -0.700000 0.000000 8.675000
1676075914.588179 39.481968 -87.325753 122.100000 -0.700000 -8.420220 -0.114636
1676075914.594528 39.481968 -87.325753 122.100000 -0.700000 -8.420220 -0.114636
1676075914.600745 39.481968 -87.325753 122.100000 -0.700000 -8.420220 -0.114636
1676075914.607134 39.481968 -87.325753 122.100000 -0.700000 -8.420220 -0.114636
1676075914.613492 39.481968 -87.325753 122.100000 -0.700000 -8.420220 -0.114636
1676075914.619993 39.481968 -87.325753 122.100000 -0.700000 -8.420220 -0.114636
1676075914.626361 39.481968 -87.325753 122.100000 -0.700000 -8.420220 -0.114636
1676075914.632786 39.481968 -87.325753 122.100000 -0.700000 -8.420220 -0.114636
1676075914.639177 39.481968 -87.325753 122.100000 -0.700000 -8.420220 -0.114636
1676075915.631244 39.481990 -87.325868 121.500000 -0.600000 0.000000 10.182000
1676075915.637878 39.481990 -87.325868 121.500000 -0.600000 -9.232568 0.643985
1676075915.644045 39.481990 -87.325868 121.500000 -0.600000 -9.232568 0.643985
1676075915.650366 39.481990 -87.325868 121.500000 -0.600000 -9.232568 0.643985
1676075915.656739 39.481990 -87.325868 121.500000 -0.600000 -9.232568 0.643985
1676075915.663107 39.481990 -87.325868 121.500000 -0.600000 -9.232568 0.643985
1676075915.669444 39.481990 -87.325868 121.500000 -0.600000 -9.232568 0.643985
1676075915.675818 39.481990 -87.325868 121.500000 -0.600000 -9.232568 0.643985
1676075915.682321 39.481990 -87.325868 121.500000 -0.600000 -9.232568 0.643985
1676075915.688697 39.481990 -87.325868 121.500000 -0.600000 -9.232568 0.643985
1676075916.681432 39.482017 -87.326003 120.600000 -0.900000 0.000000 11.986000
1676075916.687618 39.482017 -87.326003 120.600000 -0.900000 -10.198387 1.104298
1676075916.693911 39.482017 -87.326003 120.600000 -0.900000 -10.198387 1.104298
1676075916.700212 39.482017 -87.326003 120.600000 -0.900000 -10.198387 1.104298
1676075916.706569 39.482017 -87.326003 120.600000 -0.900000 -10.198387 1.104298
1676075916.712934 39.482017 -87.326003 120.600000 -0.900000 -10.198387 1.104298
1676075916.719333 39.482017 -87.326003 120.600000 -0.900000 -10.198387 1.104298
1676075916.725700 39.482017 -87.326003 120.600000 -0.900000 -10.198387 1.104298
1676075916.732064 39.482017 -87.326003 120.600000 -0.900000 -10.198387 1.104298
1676075916.738423 39.482017 -87.326003 120.600000 -0.900000 -10.198387 1.104298
1676075917.743662 39.482037 -87.326130 119.600000 -1.000000 0.000000 11.122000
1676075917.750310 39.482037 -87.326130 119.600000 -1.000000 0.000000 11.122000
1676075917.756352 39.482037 -87.326130 119.600000 -1.000000 -10.377185 1.264967
1676075917.762740 39.482037 -87.326130 119.600000 -1.000000 -10.377185 1.264967
1676075917.768958 39.482037 -87.326130 119.600000 -1.000000 -10.377185 1.264967
1676075917.775638 39.482037 -87.326130 119.600000 -1.000000 -10.377185 1.264967
1676075917.781879 39.482037 -87.326130 119.600000 -1.000000 -10.377185 1.264967
1676075917.788242 39.482037 -87.326130 119.600000 -1.000000 -10.377185 1.264967
1676075917.794648 39.482037 -87.326130 119.600000 -1.000000 -10.377185 1.264967
1676075917.801004 39.482037 -87.326130 119.600000 -1.000000 -10.377185 1.264967
1676075918.793620 39.482055 -87.326257 118.600000 -1.000000 0.000000 11.086000
1676075918.799807 39.482055 -87.326257 118.600000 -1.000000 -10.565764 0.825977
1676075918.806294 39.482055 -87.326257 118.600000 -1.000000 -10.565764 0.825977
1676075918.812713 39.482055 -87.326257 118.600000 -1.000000 -10.565764 0.825977
1676075918.818946 39.482055 -87.326257 118.600000 -1.000000 -10.565764 0.825977
1676075918.825312 39.482055 -87.326257 118.600000 -1.000000 -10.565764 0.825977
1676075918.831672 39.482055 -87.326257 118.600000 -1.000000 -10.565764 0.825977
1676075918.838163 39.482055 -87.326257 118.600000 -1.000000 -10.565764 0.825977
1676075918.844408 39.482055 -87.326257 118.600000 -1.000000 -10.565764 0.825977
1676075918.850752 39.482055 -87.326257 118.600000 -1.000000 -10.565764 0.825977
1676075919.843765 39.482070 -87.326387 117.600000 -1.000000 0.000000 11.308000
1676075919.850579 39.482070 -87.326387 117.600000 -1.000000 -10.817493 0.682474
1676075919.856866 39.482070 -87.326387 117.600000 -1.000000 -10.817493 0.682474
1676075919.863022 39.482070 -87.326387 117.600000 -1.000000 -10.817493 0.682474
1676075919.869692 39.482070 -87.326387 117.600000 -1.000000 -10.817493 0.682474
1676075919.875932 39.482070 -87.326387 117.600000 -1.000000 -10.817493 0.682474
1676075919.882326 39.482070 -87.326387 117.600000 -1.000000 -10.817493 0.682474
1676075919.888985 39.482070 -87.326387 117.600000 -1.000000 -10.817493 0.682474
1676075919.895267 39.482070 -87.326387 117.600000 -1.000000 -10.817493 0.682474
1676075919.901938 39.482070 -87.326387 117.600000 -1.000000 -10.817493 0.682474
1676075920.893101 39.482080 -87.326520 116.600000 -1.000000 0.000000 11.525000
1676075920.899431 39.482080 -87.326520 116.600000 -1.000000 -11.067581 0.545168
1676075920.906031 39.482080 -87.326520 116.600000 -1.000000 -11.067581 0.545168
1676075920.912189 39.482080 -87.326520 116.600000 -1.000000 -11.067581 0.545168
1676075920.918690 39.482080 -87.326520 116.600000 -1.000000 -11.067581 0.545168
1676075920.924942 39.482080 -87.326520 116.600000 -1.000000 -11.067581 0.545168
1676075920.931303 39.482080 -87.326520 116.600000 -1.000000 -11.067581 0.545168
1676075920.937974 39.482080 -87.326520 116.600000 -1.000000 -11.067581 0.545168
1676075920.944239 39.482080 -87.326520 116.600000 -1.000000 -11.067581 0.545168
1676075920.950574 39.482080 -87.326520 116.600000 -1.000000 -11.067581 0.545168
1676075921.947694 39.482083 -87.326653 115.600000 -1.000000 0.000000 11.477000
1676075921.954015 39.482083 -87.326653 115.600000 -1.000000 -11.219405 0.115535
1676075921.960284 39.482083 -87.326653 115.600000 -1.000000 -11.219405 0.115535
1676075921.966575 39.482083 -87.326653 115.600000 -1.000000 -11.219405 0.115535
1676075921.973259 39.482083 -87.326653 115.600000 -1.000000 -11.219405 0.115535
1676075921.981908 39.482083 -87.326653 115.600000 -1.000000 -11.219405 0.115535
1676075921.988234 39.482083 -87.326653 115.600000 -1.000000 -11.219405 0.115535
1676075921.994718 39.482083 -87.326653 115.600000 -1.000000 -11.219405 0.115535
1676075922.000964 39.482083 -87.326653 115.600000 -1.000000 -11.219405 0.115535
1676075922.015753 39.482090 -87.326788 114.500000 -1.100000 0.000000 11.638000
1676075923.012668 39.482090 -87.326788 114.500000 -1.100000 0.000000 11.638000
1676075923.018753 39.482090 -87.326788 114.500000 -1.100000 -11.513453 0.323611
1676075923.025011 39.482090 -87.326788 114.500000 -1.100000 -11.513453 0.323611
1676075923.031875 39.482090 -87.326927 114.500000 0.000000 0.000000 11.902000
1676075923.037926 39.482090 -87.326927 114.500000 0.000000 0.000000 11.902000
1676075923.045138 39.482090 -87.326927 114.500000 0.000000 0.000000 11.902000
1676075923.051389 39.482090 -87.326927 114.500000 0.000000 0.000000 11.902000
1676075923.057755 39.482090 -87.326927 114.500000 0.000000 0.000000 11.902000
1676075923.064128 39.482090 -87.326927 114.500000 0.000000 0.000000 11.902000
1676075923.070524 39.482090 -87.326927 114.500000 0.000000 0.000000 11.902000
1676075924.061637 39.482090 -87.326927 114.500000 0.000000 -11.764243 0.133467
1676075924.067840 39.482090 -87.326927 114.500000 0.000000 -11.764243 0.133467
1676075924.074755 39.482082 -87.327050 113.900000 -0.600000 0.000000 10.651000
1676075924.081177 39.482082 -87.327050 113.900000 -0.600000 0.000000 10.651000
1676075924.087407 39.482082 -87.327050 113.900000 -0.600000 0.000000 10.651000
1676075924.093776 39.482082 -87.327050 113.900000 -0.600000 0.000000 10.651000
1676075924.100141 39.482082 -87.327050 113.900000 -0.600000 0.000000 10.651000
1676075924.106608 39.482082 -87.327050 113.900000 -0.600000 0.000000 10.651000
1676075924.113351 39.482082 -87.327050 113.900000 -0.600000 0.000000 10.651000
1676075924.119588 39.482082 -87.327050 113.900000 -0.600000 0.000000 10.651000
1676075925.115482 39.482082 -87.327050 113.900000 -0.600000 -11.553003 -0.526639
1676075925.122027 39.482082 -87.327050 113.900000 -0.600000 -11.553003 -0.526639
1676075925.128474 39.482078 -87.327177 113.100000 -0.800000 0.000000 10.904000
1676075925.134569 39.482078 -87.327177 113.100000 -0.800000 0.000000 10.904000
1676075925.140934 39.482078 -87.327177 113.100000 -0.800000 0.000000 10.904000
1676075925.147605 39.482078 -87.327177 113.100000 -0.800000 0.000000 10.904000
1676075925.153839 39.482078 -87.327177 113.100000 -0.800000 0.000000 10.904000
1676075925.166991 39.482078 -87.327177 113.100000 -0.800000 -11.340990 -0.261324
1676075925.173171 39.482078 -87.327177 113.100000 -0.800000 -11.340990 -0.261324
1676075925.179529 39.482078 -87.327177 113.100000 -0.800000 -11.340990 -0.261324
1676075926.175649 39.482078 -87.327177 113.100000 -0.800000 -11.340990 -0.261324
1676075926.182005 39.482078 -87.327295 112.400000 -0.700000 0.000000 10.181000
1676075926.188520 39.482078 -87.327295 112.400000 -0.700000 -10.884802 -0.161491
1676075926.194644 39.482078 -87.327295 112.400000 -0.700000 -10.884802 -0.161491
1676075926.201013 39.482078 -87.327295 112.400000 -0.700000 -10.884802 -0.161491
1676075926.207791 39.482078 -87.327295 112.400000 -0.700000 -10.884802 -0.161491
1676075926.214006 39.482078 -87.327295 112.400000 -0.700000 -10.884802 -0.161491
1676075926.220352 39.482078 -87.327295 112.400000 -0.700000 -10.884802 -0.161491
1676075926.226709 39.482078 -87.327295 112.400000 -0.700000 -10.884802 -0.161491
1676075926.233073 39.482078 -87.327295 112.400000 -0.700000 -10.884802 -0.161491
1676075927.218498 39.482078 -87.327295 112.400000 -0.700000 -10.884802 -0.161491
1676075927.224868 39.482087 -87.327410 111.700000 -0.700000 0.000000 9.937000
1676075927.231095 39.482087 -87.327410 111.700000 -0.700000 0.000000 9.937000
1676075927.237456 39.482087 -87.327410 111.700000 -0.700000 0.000000 9.937000
1676075927.244137 39.482087 -87.327410 111.700000 -0.700000 0.000000 9.937000
1676075927.250354 39.482087 -87.327410 111.700000 -0.700000 0.000000 9.937000
1676075927.256852 39.482087 -87.327410 111.700000 -0.700000 0.000000 9.937000
1676075927.263106 39.482087 -87.327410 111.700000 -0.700000 0.000000 9.937000
1676075927.269471 39.482087 -87.327410 111.700000 -0.700000 0.000000 9.937000
1676075927.275827 39.482087 -87.327410 111.700000 -0.700000 0.000000 9.937000
1676075928.289256 39.482087 -87.327410 111.700000 -0.700000 0.000000 9.937000
1676075928.295527 39.482087 -87.327410 111.700000 -0.700000 -10.427021 0.577484
1676075928.302293 39.482087 -87.327410 111.700000 -0.700000 -10.427021 0.577484
1676075928.309634 39.482088 -87.327522 111.000000 -0.700000 0.000000 9.609000
1676075928.316018 39.482088 -87.327522 111.000000 -0.700000 -10.124080 0.470356
1676075928.322798 39.482088 -87.327522 111.000000 -0.700000 -10.124080 0.470356
1676075928.328924 39.482088 -87.327522 111.000000 -0.700000 -10.124080 0.470356
1676075928.335304 39.482088 -87.327522 111.000000 -0.700000 -10.124080 0.470356
1676075928.341983 39.482088 -87.327522 111.000000 -0.700000 -10.124080 0.470356
1676075928.348226 39.482088 -87.327522 111.000000 -0.700000 -10.124080 0.470356
1676075929.343597 39.482077 -87.327625 110.300000 -0.700000 0.000000 8.984000
1676075929.350422 39.482077 -87.327625 110.300000 -0.700000 -9.929235 -0.440465
1676075929.356710 39.482077 -87.327625 110.300000 -0.700000 -9.929235 -0.440465
1676075929.362859 39.482077 -87.327625 110.300000 -0.700000 -9.929235 -0.440465
1676075929.369237 39.482077 -87.327625 110.300000 -0.700000 -9.929235 -0.440465
1676075929.375593 39.482077 -87.327625 110.300000 -0.700000 -9.929235 -0.440465
1676075929.382461 39.482077 -87.327625 110.300000 -0.700000 -9.929235 -0.440465
1676075929.388816 39.482077 -87.327625 110.300000 -0.700000 -9.929235 -0.440465
1676075929.395049 39.482077 -87.327625 110.300000 -0.700000 -9.929235 -0.440465
1676075929.401420 39.482077 -87.327625 110.300000 -0.700000 -9.929235 -0.440465
1676075930.393260 39.482055 -87.327715 109.500000 -0.800000 0.000000 8.108000
1676075930.399581 39.482055 -87.327715 109.500000 -0.800000 -9.103987 -1.608555
1676075930.406385 39.482055 -87.327715 109.500000 -0.800000 -9.103987 -1.608555
1676075930.412477 39.482055 -87.327715 109.500000 -0.800000 -9.103987 -1.608555
1676075930.418719 39.482055 -87.327715 109.500000 -0.800000 -9.103987 -1.608555
1676075930.425077 39.482055 -87.327715 109.500000 -0.800000 -9.103987 -1.608555
1676075930.431761 39.482055 -87.327715 109.500000 -0.800000 -9.103987 -1.608555
1676075930.438004 39.482055 -87.327715 109.500000 -0.800000 -9.103987 -1.608555
1676075930.444371 39.482055 -87.327715 109.500000 -0.800000 -9.103987 -1.608555
1676075930.450731 39.482055 -87.327715 109.500000 -0.800000 -9.103987 -1.608555
1676075931.441533 39.482020 -87.327788 108.600000 -0.900000 0.000000 7.410000
1676075931.447718 39.482020 -87.327788 108.600000 -0.900000 -8.327005 -2.901399
1676075931.454511 39.482020 -87.327788 108.600000 -0.900000 -8.327005 -2.901399
1676075931.460509 39.482020 -87.327788 108.600000 -0.900000 -8.327005 -2.901399
1676075931.466873 39.482020 -87.327788 108.600000 -0.900000 -8.327005 -2.901399
1676075931.473287 39.482020 -87.327788 108.600000 -0.900000 -8.327005 -2.901399
1676075931.479686 39.482020 -87.327788 108.600000 -0.900000 -8.327005 -2.901399
1676075931.486271 39.482020 -87.327788 108.600000 -0.900000 -8.327005 -2.901399
1676075931.492416 39.482020 -87.327788 108.600000 -0.900000 -8.327005 -2.901399
1676075931.498755 39.482020 -87.327788 108.600000 -0.900000 -8.327005 -2.901399
1676075932.489109 39.481970 -87.327862 107.900000 -0.700000 0.000000 8.404000
1676075932.495568 39.481970 -87.327862 107.900000 -0.700000 0.000000 8.404000
1676075932.501784 39.481970 -87.327862 107.900000 -0.700000 -7.404411 -4.417418
1676075932.508016 39.481970 -87.327862 107.900000 -0.700000 -7.404411 -4.417418
1676075932.514367 39.481970 -87.327862 107.900000 -0.700000 -7.404411 -4.417418
1676075932.520733 39.481970 -87.327862 107.900000 -0.700000 -7.404411 -4.417418
1676075932.527079 39.481970 -87.327862 107.900000 -0.700000 -7.404411 -4.417418
1676075932.533452 39.481970 -87.327862 107.900000 -0.700000 -7.404411 -4.417418
1676075932.539812 39.481970 -87.327862 107.900000 -0.700000 -7.404411 -4.417418
1676075932.546638 39.481970 -87.327862 107.900000 -0.700000 -7.404411 -4.417418
1676075933.540728 39.481970 -87.327862 107.900000 -0.700000 -7.404411 -4.417418
1676075933.547096 39.481913 -87.327927 107.100000 -0.800000 0.000000 8.418000
1676075933.553363 39.481913 -87.327927 107.100000 -0.800000 -6.501182 -5.328740
1676075933.559651 39.481913 -87.327927 107.100000 -0.800000 -6.501182 -5.328740
1676075933.566443 39.481913 -87.327927 107.100000 -0.800000 -6.501182 -5.328740
1676075933.572803 39.481913 -87.327927 107.100000 -0.800000 -6.501182 -5.328740
1676075933.579037 39.481913 -87.327927 107.100000 -0.800000 -6.501182 -5.328740
1676075933.585403 39.481913 -87.327927 107.100000 -0.800000 -6.501182 -5.328740
1676075933.591766 39.481913 -87.327927 107.100000 -0.800000 -6.501182 -5.328740
1676075933.598313 39.481913 -87.327927 107.100000 -0.800000 -6.501182 -5.328740
1676075934.586275 39.481857 -87.327993 106.200000 -0.900000 0.000000 8.514000
1676075934.592409 39.481857 -87.327993 106.200000 -0.900000 -6.274997 -5.715817
1676075934.598696 39.481857 -87.327993 106.200000 -0.900000 -6.274997 -5.715817
1676075934.605306 39.481857 -87.327993 106.200000 -0.900000 -6.274997 -5.715817
1676075934.611540 39.481857 -87.327993 106.200000 -0.900000 -6.274997 -5.715817
1676075934.618510 39.481857 -87.327993 106.200000 -0.900000 -6.274997 -5.715817
1676075934.624444 39.481857 -87.327993 106.200000 -0.900000 -6.274997 -5.715817
1676075934.630931 39.481857 -87.327993 106.200000 -0.900000 -6.274997 -5.715817
1676075934.637187 39.481857 -87.327993 106.200000 -0.900000 -6.274997 -5.715817
1676075934.643579 39.481857 -87.327993 106.200000 -0.900000 -6.274997 -5.715817
1676075935.634011 39.481783 -87.328053 105.300000 -0.900000 0.000000 9.640000
1676075935.640660 39.481783 -87.328053 105.300000 -0.900000 -5.786981 -6.843120
1676075935.646813 39.481783 -87.328053 105.300000 -0.900000 -5.786981 -6.843120
1676075935.653110 39.481783 -87.328053 105.300000 -0.900000 -5.786981 -6.843120
1676075935.659470 39.481783 -87.328053 105.300000 -0.900000 -5.786981 -6.843120
1676075935.666335 39.481783 -87.328053 105.300000 -0.900000 -5.786981 -6.843120
1676075935.672694 39.481783 -87.328053 105.300000 -0.900000 -5.786981 -6.843120
1676075935.678925 39.481783 -87.328053 105.300000 -0.900000 -5.786981 -6.843120
1676075935.685285 39.481783 -87.328053 105.300000 -0.900000 -5.786981 -6.843120
1676075935.691643 39.481783 -87.328053 105.300000 -0.900000 -5.786981 -6.843120
1676075936.687131 39.481703 -87.328112 104.300000 -1.000000 0.000000 10.202000
1676075936.693268 39.481703 -87.328112 104.300000 -1.000000 -5.585396 -7.750043
1676075936.699570 39.481703 -87.328112 104.300000 -1.000000 -5.585396 -7.750043
1676075936.706359 39.481703 -87.328112 104.300000 -1.000000 -5.585396 -7.750043
1676075936.712713 39.481703 -87.328112 104.300000 -1.000000 -5.585396 -7.750043
1676075936.718948 39.481703 -87.328112 104.300000 -1.000000 -5.585396 -7.750043
1676075936.725623 39.481703 -87.328112 104.300000 -1.000000 -5.585396 -7.750043
1676075936.731854 39.481703 -87.328112 104.300000 -1.000000 -5.585396 -7.750043
1676075936.738368 39.481703 -87.328112 104.300000 -1.000000 -5.585396 -7.750043
1676075936.745038 39.481703 -87.328112 104.300000 -1.000000 -5.585396 -7.750043
1676075937.742748 39.481610 -87.328163 104.600000 0.300000 0.000000 11.276000
1676075937.749503 39.481610 -87.328163 104.600000 0.300000 0.000000 11.276000
1676075937.755731 39.481610 -87.328163 104.600000 0.300000 -5.248252 -8.676143
1676075937.761947 39.481610 -87.328163 104.600000 0.300000 -5.248252 -8.676143
1676075937.768250 39.481610 -87.328163 104.600000 0.300000 -5.248252 -8.676143
1676075937.774589 39.481610 -87.328163 104.600000 0.300000 -5.248252 -8.676143
1676075937.781088 39.481610 -87.328163 104.600000 0.300000 -5.248252 -8.676143
1676075937.787324 39.481610 -87.328163 104.600000 0.300000 -5.248252 -8.676143
1676075937.793691 39.481610 -87.328163 104.600000 0.300000 -5.248252 -8.676143
1676075937.800059 39.481610 -87.328163 104.600000 0.300000 -5.248252 -8.676143
1676075938.785617 39.481507 -87.328227 103.900000 -0.700000 0.000000 12.701000
1676075938.791802 39.481507 -87.328227 103.900000 -0.700000 -5.653202 -9.578110
1676075938.798277 39.481507 -87.328227 103.900000 -0.700000 -5.653202 -9.578110
1676075938.804396 39.481507 -87.328227 103.900000 -0.700000 -5.653202 -9.578110
1676075938.810748 39.481507 -87.328227 103.900000 -0.700000 -5.653202 -9.578110
1676075938.817119 39.481507 -87.328227 103.900000 -0.700000 -5.653202 -9.578110
1676075938.823479 39.481507 -87.328227 103.900000 -0.700000 -5.653202 -9.578110
1676075938.829850 39.481507 -87.328227 103.900000 -0.700000 -5.653202 -9.578110
1676075938.836212 39.481507 -87.328227 103.900000 -0.700000 -5.653202 -9.578110
1676075938.842573 39.481507 -87.328227 103.900000 -0.700000 -5.653202 -9.578110
1676075939.831981 39.481415 -87.328298 103.400000 -0.500000 0.000000 11.899000
1676075939.838871 39.481415 -87.328298 103.400000 -0.500000 -5.961700 -9.383273
1676075939.844987 39.481415 -87.328298 103.400000 -0.500000 -5.961700 -9.383273
1676075939.851273 39.481415 -87.328298 103.400000 -0.500000 -5.961700 -9.383273
1676075939.857951 39.481415 -87.328298 103.400000 -0.500000 -5.961700 -9.383273
1676075939.864244 39.481415 -87.328298 103.400000 -0.500000 -5.961700 -9.383273
1676075939.870643 39.481415 -87.328298 103.400000 -0.500000 -5.961700 -9.383273
1676075939.877314 39.481415 -87.328298 103.400000 -0.500000 -5.961700 -9.383273
1676075939.883555 39.481415 -87.328298 103.400000 -0.500000 -5.961700 -9.383273
1676075939.889924 39.481415 -87.328298 103.400000 -0.500000 -5.961700 -9.383273
1676075940.878398 39.481335 -87.328388 102.500000 -0.900000 0.000000 11.783000
1676075940.884389 39.481335 -87.328388 102.500000 -0.900000 -6.926710 -8.101541
1676075940.890645 39.481335 -87.328388 102.500000 -0.900000 -6.926710 -8.101541
1676075940.896953 39.481335 -87.328388 102.500000 -0.900000 -6.926710 -8.101541
1676075940.903631 39.481335 -87.328388 102.500000 -0.900000 -6.926710 -8.101541
1676075940.909875 39.481335 -87.328388 102.500000 -0.900000 -6.926710 -8.101541
1676075940.916247 39.481335 -87.328388 102.500000 -0.900000 -6.926710 -8.101541
1676075940.922579 39.481335 -87.328388 102.500000 -0.900000 -6.926710 -8.101541
1676075940.929079 39.481335 -87.328388 102.500000 -0.900000 -6.926710 -8.101541
1676075940.935640 39.481335 -87.328388 102.500000 -0.900000 -6.926710 -8.101541
1676075941.933430 39.481260 -87.328490 101.500000 -1.000000 0.000000 12.077000
1676075941.939605 39.481260 -87.328490 101.500000 -1.000000 -7.936049 -7.894604
1676075941.946417 39.481260 -87.328490 101.500000 -1.000000 -7.936049 -7.894604
1676075941.952461 39.481260 -87.328490 101.500000 -1.000000 -7.936049 -7.894604
1676075941.958765 39.481260 -87.328490 101.500000 -1.000000 -7.936049 -7.894604
1676075941.965326 39.481260 -87.328490 101.500000 -1.000000 -7.936049 -7.894604
1676075941.971681 39.481260 -87.328490 101.500000 -1.000000 -7.936049 -7.894604
1676075941.979704 39.481260 -87.328490 101.500000 -1.000000 -7.936049 -7.894604
1676075941.986912 39.481260 -87.328490 101.500000 -1.000000 -7.936049 -7.894604
1676075941.995127 39.481260 -87.328490 101.500000 -1.000000 -7.936049 -7.894604
1676075943.136691 39.481205 -87.328605 100.600000 -0.900000 0.000000 11.627000
1676075943.143687 39.481205 -87.328605 100.600000 -0.900000 0.000000 11.627000
1676075943.150840 39.481205 -87.328605 100.600000 -0.900000 -8.783396 -6.369807
1676075943.157612 39.481205 -87.328605 100.600000 -0.900000 -8.783396 -6.369807
1676075943.177249 39.481162 -87.328738 99.800000 -0.800000 0.000000 12.440000
1676075943.184720 39.481162 -87.328738 99.800000 -0.800000 -9.875557 -5.664944
1676075943.191454 39.481162 -87.328738 99.800000 -0.800000 -9.875557 -5.664944
1676075943.200242 39.481162 -87.328738 99.800000 -0.800000 -9.875557 -5.664944
1676075943.207321 39.481162 -87.328738 99.800000 -0.800000 -9.875557 -5.664944
1676075943.214727 39.481162 -87.328738 99.800000 -0.800000 -9.875557 -5.664944
1676075944.373308 39.481162 -87.328738 99.800000 -0.800000 -9.875557 -5.664944
1676075944.384982 39.481138 -87.328912 99.500000 -0.300000 0.000000 15.136000
1676075944.396274 39.481138 -87.328912 99.500000 -0.300000 -11.955462 -4.053679
1676075944.403390 39.481138 -87.328912 99.500000 -0.300000 -11.955462 -4.053679
1676075944.413484 39.481138 -87.328912 99.500000 -0.300000 -11.955462 -4.053679
1676075944.420264 39.481138 -87.328912 99.500000 -0.300000 -11.955462 -4.053679
1676075944.427393 39.481138 -87.328912 99.500000 -0.300000 -11.955462 -4.053679
1676075944.434612 39.481138 -87.328912 99.500000 -0.300000 -11.955462 -4.053679
1676075944.441394 39.481138 -87.328912 99.500000 -0.300000 -11.955462 -4.053679
1676075944.454024 39.481138 -87.328912 99.500000 -0.300000 -11.955462 -4.053679
1676075945.555034 39.481128 -87.329052 98.900000 -0.600000 0.000000 12.096000
1676075945.563721 39.481128 -87.329052 98.900000 -0.600000 -11.653758 -2.737656
1676075945.572007 39.481128 -87.329052 98.900000 -0.600000 -11.653758 -2.737656
1676075945.580188 39.481128 -87.329052 98.900000 -0.600000 -11.653758 -2.737656
1676075945.587561 39.481128 -87.329052 98.900000 -0.600000 -11.653758 -2.737656
1676075945.592868 39.481128 -87.329052 98.900000 -0.600000 -11.653758 -2.737656
1676075945.599447 39.481128 -87.329052 98.900000 -0.600000 -11.653758 -2.737656
1676075945.605877 39.481128 -87.329052 98.900000 -0.600000 -11.653758 -2.737656
1676075945.613657 39.481128 -87.329052 98.900000 -0.600000 -11.653758 -2.737656
1676075945.620024 39.481128 -87.329052 98.900000 -0.600000 -11.653758 -2.737656
1676075946.695302 39.481158 -87.329165 98.300000 -0.600000 0.000000 10.304000
1676075946.702001 39.481158 -87.329165 98.300000 -0.600000 -10.328580 -0.171270
1676075946.708316 39.481158 -87.329165 98.300000 -0.600000 -10.328580 -0.171270
1676075946.714660 39.481158 -87.329165 98.300000 -0.600000 -10.328580 -0.171270
1676075946.721058 39.481158 -87.329165 98.300000 -0.600000 -10.328580 -0.171270
1676075946.728147 39.481158 -87.329165 98.300000 -0.600000 -10.328580 -0.171270
1676075946.736049 39.481158 -87.329165 98.300000 -0.600000 -10.328580 -0.171270
1676075946.743341 39.481158 -87.329165 98.300000 -0.600000 -10.328580 -0.171270
1676075946.749684 39.481158 -87.329165 98.300000 -0.600000 -10.328580 -0.171270
1676075946.757884 39.481158 -87.329165 98.300000 -0.600000 -10.328580 -0.171270
1676075947.845784 39.481208 -87.329317 97.800000 -0.500000 0.000000 14.181000
1676075947.852274 39.481208 -87.329317 97.800000 -0.500000 0.000000 14.181000
1676075947.859698 39.481208 -87.329317 97.800000 -0.500000 -11.609054 1.439812
1676075947.864870 39.481208 -87.329317 97.800000 -0.500000 -11.609054 1.439812
1676075947.872112 39.481208 -87.329317 97.800000 -0.500000 -11.609054 1.439812
1676075947.879529 39.481208 -87.329317 97.800000 -0.500000 -11.609054 1.439812
1676075947.885704 39.481208 -87.329317 97.800000 -0.500000 -11.609054 1.439812
1676075947.893310 39.481208 -87.329317 97.800000 -0.500000 -11.609054 1.439812
1676075947.901605 39.481208 -87.329317 97.800000 -0.500000 -11.609054 1.439812
1676075947.906890 39.481208 -87.329317 97.800000 -0.500000 -11.609054 1.439812
1676075948.984069 39.481258 -87.329458 97.100000 -0.700000 0.000000 13.393000
1676075948.992011 39.481258 -87.329458 97.100000 -0.700000 -12.310402 2.372838
1676075948.999461 39.481258 -87.329458 97.100000 -0.700000 -12.310402 2.372838
1676075949.005750 39.481258 -87.329458 97.100000 -0.700000 -12.310402 2.372838
1676075949.012174 39.481258 -87.329458 97.100000 -0.700000 -12.310402 2.372838
1676075949.033193 39.481317 -87.329597 96.400000 -0.700000 0.000000 13.550000
1676075949.041994 39.481317 -87.329597 96.400000 -0.700000 0.000000 13.550000
1676075949.049353 39.481317 -87.329597 96.400000 -0.700000 0.000000 13.550000
1676075949.057479 39.481317 -87.329597 96.400000 -0.700000 0.000000 13.550000
1676075949.064710 39.481317 -87.329597 96.400000 -0.700000 0.000000 13.550000
1676075950.120683 39.481317 -87.329597 96.400000 -0.700000 -12.400250 3.373722
1676075950.126853 39.481317 -87.329597 96.400000 -0.700000 -12.400250 3.373722
1676075950.133827 39.481363 -87.329745 95.700000 -0.700000 0.000000 13.774000
1676075950.140037 39.481363 -87.329745 95.700000 -0.700000 0.000000 13.774000
1676075950.146921 39.481363 -87.329745 95.700000 -0.700000 0.000000 13.774000
1676075950.153307 39.481363 -87.329745 95.700000 -0.700000 0.000000 13.774000
1676075950.159875 39.481363 -87.329745 95.700000 -0.700000 0.000000 13.774000
1676075950.166365 39.481363 -87.329745 95.700000 -0.700000 0.000000 13.774000
1676075950.186013 39.481363 -87.329745 95.700000 -0.700000 -13.070314 2.935936
1676075950.193804 39.481363 -87.329745 95.700000 -0.700000 -13.070314 2.935936
1676075951.302554 39.481363 -87.329745 95.700000 -0.700000 -13.070314 2.935936
1676075951.311857 39.481395 -87.329897 94.800000 -0.900000 0.000000 13.514000
1676075951.318411 39.481395 -87.329897 94.800000 -0.900000 -13.600872 2.132272
1676075951.325827 39.481395 -87.329897 94.800000 -0.900000 -13.600872 2.132272
1676075951.332815 39.481395 -87.329897 94.800000 -0.900000 -13.600872 2.132272
1676075951.339259 39.481395 -87.329897 94.800000 -0.900000 -13.600872 2.132272
1676075951.346792 39.481395 -87.329897 94.800000 -0.900000 -13.600872 2.132272
1676075951.353883 39.481395 -87.329897 94.800000 -0.900000 -13.600872 2.132272
1676075951.360231 39.481395 -87.329897 94.800000 -0.900000 -13.600872 2.132272
1676075951.368086 39.481395 -87.329897 94.800000 -0.900000 -13.600872 2.132272
1676075952.547346 39.481422 -87.330050 93.800000 -1.000000 0.000000 13.520000
1676075952.555245 39.481422 -87.330050 93.800000 -1.000000 0.000000 13.520000
1676075952.560413 39.481422 -87.330050 93.800000 -1.000000 -13.814919 1.442256
1676075952.576584 39.481422 -87.330050 93.800000 -1.000000 -13.814919 1.442256
1676075952.584414 39.481422 -87.330050 93.800000 -1.000000 -13.814919 1.442256
1676075952.592864 39.481422 -87.330050 93.800000 -1.000000 -13.814919 1.442256
1676075952.600939 39.481422 -87.330050 93.800000 -1.000000 -13.814919 1.442256
1676075952.608310 39.481422 -87.330050 93.800000 -1.000000 -13.814919 1.442256
1676075952.616233 39.481422 -87.330050 93.800000 -1.000000 -13.814919 1.442256
1676075952.622565 39.481422 -87.330050 93.800000 -1.000000 -13.814919 1.442256
1676075953.672484 39.481445 -87.330192 92.800000 -1.000000 0.000000 12.461000
1676075953.678791 39.481445 -87.330192 92.800000 -1.000000 -13.098858 1.256662
1676075953.685400 39.481445 -87.330192 92.800000 -1.000000 -13.098858 1.256662
1676075953.692316 39.481445 -87.330192 92.800000 -1.000000 -13.098858 1.256662
1676075953.700728 39.481445 -87.330192 92.800000 -1.000000 -13.098858 1.256662
1676075953.707032 39.481445 -87.330192 92.800000 -1.000000 -13.098858 1.256662
1676075953.713397 39.481445 -87.330192 92.800000 -1.000000 -13.098858 1.256662
1676075953.719765 39.481445 -87.330192 92.800000 -1.000000 -13.098858 1.256662
1676075953.726912 39.481445 -87.330192 92.800000 -1.000000 -13.098858 1.256662
1676075953.733529 39.481445 -87.330192 92.800000 -1.000000 -13.098858 1.256662
1676075954.749548 39.481468 -87.330327 91.700000 -1.100000 0.000000 11.900000
1676075954.756768 39.481468 -87.330327 91.700000 -1.100000 -12.244512 1.228640
1676075954.763180 39.481468 -87.330327 91.700000 -1.100000 -12.244512 1.228640
1676075954.769355 39.481468 -87.330327 91.700000 -1.100000 -12.244512 1.228640
1676075954.775715 39.481468 -87.330327 91.700000 -1.100000 -12.244512 1.228640
1676075954.782214 39.481468 -87.330327 91.700000 -1.100000 -12.244512 1.228640
1676075954.788484 39.481468 -87.330327 91.700000 -1.100000 -12.244512 1.228640
1676075954.794845 39.481468 -87.330327 91.700000 -1.100000 -12.244512 1.228640
1676075954.801512 39.481468 -87.330327 91.700000 -1.100000 -12.244512 1.228640
1676075954.807746 39.481468 -87.330327 91.700000 -1.100000 -12.244512 1.228640
1676075955.897682 39.481485 -87.330462 90.800000 -0.900000 0.000000 11.761000
1676075955.903974 39.481485 -87.330462 90.800000 -0.900000 -11.905408 1.677434
1676075955.911515 39.481485 -87.330462 90.800000 -0.900000 -11.905408 1.677434
1676075955.919338 39.481485 -87.330462 90.800000 -0.900000 -11.905408 1.677434
1676075955.925686 39.481485 -87.330462 90.800000 -0.900000 -11.905408 1.677434
1676075955.932383 39.481485 -87.330462 90.800000 -0.900000 -11.905408 1.677434
1676075955.938780 39.481485 -87.330462 90.800000 -0.900000 -11.905408 1.677434
1676075955.945301 39.481485 -87.330462 90.800000 -0.900000 -11.905408 1.677434
1676075955.952492 39.481485 -87.330462 90.800000 -0.900000 -11.905408 1.677434
1676075955.958959 39.481485 -87.330462 90.800000 -0.900000 -11.905408 1.677434
1676075957.038851 39.481515 -87.330613 90.200000 -0.600000 0.000000 13.467000
1676075957.045358 39.481515 -87.330613 90.200000 -0.600000 -11.984797 2.401325
1676075957.051516 39.481515 -87.330613 90.200000 -0.600000 -11.984797 2.401325
1676075957.058450 39.481557 -87.330767 89.500000 -0.700000 0.000000 13.980000
1676075957.064362 39.481557 -87.330767 89.500000 -0.700000 0.000000 13.980000
1676075957.070909 39.481557 -87.330767 89.500000 -0.700000 0.000000 13.980000
1676075957.077550 39.481557 -87.330767 89.500000 -0.700000 0.000000 13.980000
1676075957.083789 39.481557 -87.330767 89.500000 -0.700000 0.000000 13.980000
1676075957.097382 39.481557 -87.330767 89.500000 -0.700000 0.000000 13.980000
1676075957.108223 39.481557 -87.330767 89.500000 -0.700000 0.000000 13.980000
1676075958.151195 39.481557 -87.330767 89.500000 -0.700000 0.000000 13.980000
1676075958.157229 39.481557 -87.330767 89.500000 -0.700000 -12.169422 3.338311
1676075958.186648 39.481557 -87.330767 89.500000 -0.700000 -12.169422 3.338311
1676075958.196284 39.481605 -87.330905 88.600000 -0.900000 0.000000 13.055000
1676075958.203847 39.481605 -87.330905 88.600000 -0.900000 -11.709203 4.303508
1676075958.213615 39.481605 -87.330905 88.600000 -0.900000 -11.709203 4.303508
1676075958.224048 39.481605 -87.330905 88.600000 -0.900000 -11.709203 4.303508
1676075958.231514 39.481605 -87.330905 88.600000 -0.900000 -11.709203 4.303508
1676075958.237922 39.481605 -87.330905 88.600000 -0.900000 -11.709203 4.303508
1676075958.244180 39.481605 -87.330905 88.600000 -0.900000 -11.709203 4.303508
1676075959.374663 39.481605 -87.330905 88.600000 -0.900000 -11.709203 4.303508
1676075959.384832 39.481672 -87.331033 87.500000 -1.100000 0.000000 13.293000
1676075959.393220 39.481672 -87.331033 87.500000 -1.100000 -11.135447 5.612728
1676075959.399994 39.481672 -87.331033 87.500000 -1.100000 -11.135447 5.612728
1676075959.406397 39.481672 -87.331033 87.500000 -1.100000 -11.135447 5.612728
1676075959.414405 39.481672 -87.331033 87.500000 -1.100000 -11.135447 5.612728
1676075959.422293 39.481672 -87.331033 87.500000 -1.100000 -11.135447 5.612728
1676075959.429359 39.481672 -87.331033 87.500000 -1.100000 -11.135447 5.612728
1676075959.436970 39.481672 -87.331033 87.500000 -1.100000 -11.135447 5.612728
1676075959.444503 39.481672 -87.331033 87.500000 -1.100000 -11.135447 5.612728
1676075960.576952 39.481755 -87.331158 86.700000 -0.800000 0.000000 14.187000
1676075960.584774 39.481755 -87.331158 86.700000 -0.800000 -10.658688 7.049483
1676075960.591864 39.481755 -87.331158 86.700000 -0.800000 -10.658688 7.049483
1676075960.600403 39.481755 -87.331158 86.700000 -0.800000 -10.658688 7.049483
1676075960.606725 39.481755 -87.331158 86.700000 -0.800000 -10.658688 7.049483
1676075960.613592 39.481755 -87.331158 86.700000 -0.800000 -10.658688 7.049483
1676075960.620050 39.481755 -87.331158 86.700000 -0.800000 -10.658688 7.049483
1676075960.627551 39.481755 -87.331158 86.700000 -0.800000 -10.658688 7.049483
1676075960.635764 39.481755 -87.331158 86.700000 -0.800000 -10.658688 7.049483
1676075960.643971 39.481755 -87.331158 86.700000 -0.800000 -10.658688 7.049483
1676075961.776415 39.481823 -87.331288 85.900000 -0.800000 0.000000 13.515000
1676075961.783853 39.481823 -87.331288 85.900000 -0.800000 -10.727033 7.306517
1676075961.791560 39.481823 -87.331288 85.900000 -0.800000 -10.727033 7.306517
1676075961.798299 39.481823 -87.331288 85.900000 -0.800000 -10.727033 7.306517
1676075961.804921 39.481823 -87.331288 85.900000 -0.800000 -10.727033 7.306517
1676075961.814942 39.481823 -87.331288 85.900000 -0.800000 -10.727033 7.306517
1676075961.821740 39.481823 -87.331288 85.900000 -0.800000 -10.727033 7.306517
1676075961.827991 39.481823 -87.331288 85.900000 -0.800000 -10.727033 7.306517
1676075961.834442 39.481823 -87.331288 85.900000 -0.800000 -10.727033 7.306517
1676075961.842028 39.481823 -87.331288 85.900000 -0.800000 -10.727033 7.306517
1676075962.995907 39.481885 -87.331422 85.100000 -0.800000 0.000000 13.359000
1676075963.011816 39.481885 -87.331422 85.100000 -0.800000 0.000000 13.359000
1676075963.020059 39.481885 -87.331422 85.100000 -0.800000 -11.232782 6.972765
1676075963.028255 39.481885 -87.331422 85.100000 -0.800000 -11.232782 6.972765
1676075963.037405 39.481933 -87.331558 84.300000 -0.800000 0.000000 12.925000
1676075963.045142 39.481933 -87.331558 84.300000 -0.800000 0.000000 12.925000
1676075963.051469 39.481933 -87.331558 84.300000 -0.800000 0.000000 12.925000
1676075963.058461 39.481933 -87.331558 84.300000 -0.800000 0.000000 12.925000
1676075963.065798 39.481933 -87.331558 84.300000 -0.800000 0.000000 12.925000
1676075963.073349 39.481933 -87.331558 84.300000 -0.800000 0.000000 12.925000
1676075964.059761 39.481933 -87.331558 84.300000 -0.800000 -11.939890 6.252641
1676075964.066474 39.481933 -87.331558 84.300000 -0.800000 -11.939890 6.252641
1676075964.072884 39.481972 -87.331705 83.500000 -0.800000 0.000000 13.317000
1676075964.078985 39.481972 -87.331705 83.500000 -0.800000 0.000000 13.317000
1676075964.085349 39.481972 -87.331705 83.500000 -0.800000 0.000000 13.317000
1676075964.091712 39.481972 -87.331705 83.500000 -0.800000 0.000000 13.317000
1676075964.098257 39.481972 -87.331705 83.500000 -0.800000 0.000000 13.317000
1676075964.104443 39.481972 -87.331705 83.500000 -0.800000 0.000000 13.317000
1676075964.110939 39.481972 -87.331705 83.500000 -0.800000 0.000000 13.317000
1676075964.117495 39.481972 -87.331705 83.500000 -0.800000 0.000000 13.317000
1676075965.107693 39.481972 -87.331705 83.500000 -0.800000 -12.792456 5.101084
1676075965.113931 39.481972 -87.331705 83.500000 -0.800000 -12.792456 5.101084
1676075965.120382 39.481983 -87.331857 82.800000 -0.700000 0.000000 13.113000
1676075965.126585 39.481983 -87.331857 82.800000 -0.700000 0.000000 13.113000
1676075965.132952 39.481983 -87.331857 82.800000 -0.700000 0.000000 13.113000
1676075965.139314 39.481983 -87.331857 82.800000 -0.700000 0.000000 13.113000
1676075965.145994 39.481983 -87.331857 82.800000 -0.700000 0.000000 13.113000
1676075965.152540 39.481983 -87.331857 82.800000 -0.700000 0.000000 13.113000
1676075965.158767 39.481983 -87.331857 82.800000 -0.700000 0.000000 13.113000
1676075965.165449 39.481983 -87.331857 82.800000 -0.700000 0.000000 13.113000
1676075966.155214 39.481983 -87.331857 82.800000 -0.700000 -13.308408 3.096963
1676075966.161328 39.481983 -87.331857 82.800000 -0.700000 -13.308408 3.096963
1676075966.176013 39.482002 -87.332012 82.000000 -0.800000 0.000000 13.490000
1676075966.182629 39.482002 -87.332012 82.000000 -0.800000 -13.719610 2.446305
1676075966.189047 39.482002 -87.332012 82.000000 -0.800000 -13.719610 2.446305
1676075966.195281 39.482002 -87.332012 82.000000 -0.800000 -13.719610 2.446305
1676075966.201953 39.482002 -87.332012 82.000000 -0.800000 -13.719610 2.446305
1676075966.208184 39.482002 -87.332012 82.000000 -0.800000 -13.719610 2.446305
1676075966.214594 39.482002 -87.332012 82.000000 -0.800000 -13.719610 2.446305
1676075966.221117 39.482002 -87.332012 82.000000 -0.800000 -13.719610 2.446305
1676075967.217940 39.482002 -87.332012 82.000000 -0.800000 -13.719610 2.446305
1676075967.224172 39.482020 -87.332168 81.000000 -1.000000 0.000000 13.632000
1676075967.230680 39.482020 -87.332168 81.000000 -1.000000 0.000000 13.632000
1676075967.237238 39.482020 -87.332168 81.000000 -1.000000 0.000000 13.632000
1676075967.243476 39.482020 -87.332168 81.000000 -1.000000 0.000000 13.632000
1676075967.249840 39.482020 -87.332168 81.000000 -1.000000 0.000000 13.632000
1676075967.256515 39.482020 -87.332168 81.000000 -1.000000 0.000000 13.632000
1676075967.262770 39.482020 -87.332168 81.000000 -1.000000 0.000000 13.632000
1676075967.269123 39.482020 -87.332168 81.000000 -1.000000 0.000000 13.632000
1676075967.275482 39.482020 -87.332168 81.000000 -1.000000 0.000000 13.632000
1676075968.283931 39.482020 -87.332168 81.000000 -1.000000 0.000000 13.632000
1676075968.290623 39.482020 -87.332168 81.000000 -1.000000 -14.006254 2.025819
1676075968.296488 39.482020 -87.332168 81.000000 -1.000000 -14.006254 2.025819
1676075968.302880 39.482038 -87.332328 80.400000 -0.600000 0.000000 13.915000
1676075968.309588 39.482038 -87.332328 80.400000 -0.600000 -14.176704 2.336771
1676075968.321217 39.482038 -87.332328 80.400000 -0.600000 -14.176704 2.336771
1676075968.327456 39.482038 -87.332328 80.400000 -0.600000 -14.176704 2.336771
1676075968.333824 39.482038 -87.332328 80.400000 -0.600000 -14.176704 2.336771
1676075968.340192 39.482038 -87.332328 80.400000 -0.600000 -14.176704 2.336771
1676075968.346687 39.482038 -87.332328 80.400000 -0.600000 -14.176704 2.336771
1676075969.341805 39.482068 -87.332497 79.800000 -0.600000 0.000000 14.861000
1676075969.348241 39.482068 -87.332497 79.800000 -0.600000 -14.081555 2.854688
1676075969.354445 39.482068 -87.332497 79.800000 -0.600000 -14.081555 2.854688
1676075969.360788 39.482068 -87.332497 79.800000 -0.600000 -14.081555 2.854688
1676075969.367559 39.482068 -87.332497 79.800000 -0.600000 -14.081555 2.854688
1676075969.373732 39.482068 -87.332497 79.800000 -0.600000 -14.081555 2.854688
1676075969.380105 39.482068 -87.332497 79.800000 -0.600000 -14.081555 2.854688
1676075969.386451 39.482068 -87.332497 79.800000 -0.600000 -14.081555 2.854688
1676075969.392824 39.482068 -87.332497 79.800000 -0.600000 -14.081555 2.854688
1676075969.399219 39.482068 -87.332497 79.800000 -0.600000 -14.081555 2.854688
1676075970.392074 39.482100 -87.332648 79.000000 -0.800000 0.000000 13.514000
1676075970.398502 39.482100 -87.332648 79.000000 -0.800000 -13.326215 3.411675
1676075970.404786 39.482100 -87.332648 79.000000 -0.800000 -13.326215 3.411675
1676075970.411071 39.482100 -87.332648 79.000000 -0.800000 -13.326215 3.411675
1676075970.417435 39.482100 -87.332648 79.000000 -0.800000 -13.326215 3.411675
1676075970.423796 39.482100 -87.332648 79.000000 -0.800000 -13.326215 3.411675
1676075970.430335 39.482100 -87.332648 79.000000 -0.800000 -13.326215 3.411675
1676075970.437011 39.482100 -87.332648 79.000000 -0.800000 -13.326215 3.411675
1676075970.443245 39.482100 -87.332648 79.000000 -0.800000 -13.326215 3.411675
1676075970.449616 39.482100 -87.332648 79.000000 -0.800000 -13.326215 3.411675
1676075971.440312 39.482150 -87.332787 78.100000 -0.900000 0.000000 13.133000
1676075971.446524 39.482150 -87.332787 78.100000 -0.900000 -12.274881 4.296197
1676075971.452818 39.482150 -87.332787 78.100000 -0.900000 -12.274881 4.296197
1676075971.459133 39.482150 -87.332787 78.100000 -0.900000 -12.274881 4.296197
1676075971.465503 39.482150 -87.332787 78.100000 -0.900000 -12.274881 4.296197
1676075971.471858 39.482150 -87.332787 78.100000 -0.900000 -12.274881 4.296197
1676075971.478360 39.482150 -87.332787 78.100000 -0.900000 -12.274881 4.296197
1676075971.484729 39.482150 -87.332787 78.100000 -0.900000 -12.274881 4.296197
1676075971.491320 39.482150 -87.332787 78.100000 -0.900000 -12.274881 4.296197
1676075971.497504 39.482150 -87.332787 78.100000 -0.900000 -12.274881 4.296197
1676075972.504925 39.482168 -87.332898 77.900000 -0.200000 0.000000 9.821000
1676075972.511234 39.482168 -87.332898 77.900000 -0.200000 0.000000 9.821000
1676075972.517782 39.482168 -87.332898 77.900000 -0.200000 -11.552972 4.356289
1676075972.523873 39.482168 -87.332898 77.900000 -0.200000 -11.552972 4.356289
1676075972.530349 39.482168 -87.332898 77.900000 -0.200000 -11.552972 4.356289
1676075972.537032 39.482168 -87.332898 77.900000 -0.200000 -11.552972 4.356289
1676075972.543264 39.482168 -87.332898 77.900000 -0.200000 -11.552972 4.356289
1676075972.550778 39.482168 -87.332898 77.900000 -0.200000 -11.552972 4.356289
1676075972.557024 39.482168 -87.332898 77.900000 -0.200000 -11.552972 4.356289
1676075972.563692 39.482168 -87.332898 77.900000 -0.200000 -11.552972 4.356289
1676075973.555864 39.482210 -87.333013 77.100000 -0.800000 0.000000 10.922000
1676075973.562650 39.482210 -87.333013 77.100000 -0.800000 -10.724207 4.146731
1676075973.568820 39.482210 -87.333013 77.100000 -0.800000 -10.724207 4.146731
1676075973.575113 39.482210 -87.333013 77.100000 -0.800000 -10.724207 4.146731
1676075973.581788 39.482210 -87.333013 77.100000 -0.800000 -10.724207 4.146731
1676075973.588028 39.482210 -87.333013 77.100000 -0.800000 -10.724207 4.146731
1676075973.594435 39.482210 -87.333013 77.100000 -0.800000 -10.724207 4.146731
1676075973.601108 39.482210 -87.333013 77.100000 -0.800000 -10.724207 4.146731
1676075973.607342 39.482210 -87.333013 77.100000 -0.800000 -10.724207 4.146731
1676075973.613678 39.482210 -87.333013 77.100000 -0.800000 -10.724207 4.146731
1676075974.605655 39.482257 -87.333125 76.300000 -0.800000 0.000000 10.915000
1676075974.611845 39.482257 -87.333125 76.300000 -0.800000 -10.317386 4.235676
1676075974.618339 39.482257 -87.333125 76.300000 -0.800000 -10.317386 4.235676
1676075974.624434 39.482257 -87.333125 76.300000 -0.800000 -10.317386 4.235676
1676075974.630823 39.482257 -87.333125 76.300000 -0.800000 -10.317386 4.235676
1676075974.637477 39.482257 -87.333125 76.300000 -0.800000 -10.317386 4.235676
1676075974.643724 39.482257 -87.333125 76.300000 -0.800000 -10.317386 4.235676
1676075974.650548 39.482257 -87.333125 76.300000 -0.800000 -10.317386 4.235676
1676075974.657106 39.482257 -87.333125 76.300000 -0.800000 -10.317386 4.235676
1676075974.663385 39.482257 -87.333125 76.300000 -0.800000 -10.317386 4.235676
1676075975.658846 39.482307 -87.333223 75.500000 -0.800000 0.000000 10.119000
1676075975.665052 39.482307 -87.333223 75.500000 -0.800000 -9.723051 4.367673
1676075975.671306 39.482307 -87.333223 75.500000 -0.800000 -9.723051 4.367673
1676075975.677632 39.482307 -87.333223 75.500000 -0.800000 -9.723051 4.367673
1676075975.683997 39.482307 -87.333223 75.500000 -0.800000 -9.723051 4.367673
1676075975.690366 39.482307 -87.333223 75.500000 -0.800000 -9.723051 4.367673
1676075975.697042 39.482307 -87.333223 75.500000 -0.800000 -9.723051 4.367673
1676075975.703275 39.482307 -87.333223 75.500000 -0.800000 -9.723051 4.367673
1676075975.709955 39.482307 -87.333223 75.500000 -0.800000 -9.723051 4.367673
1676075975.716188 39.482307 -87.333223 75.500000 -0.800000 -9.723051 4.367673
1676075976.707459 39.482347 -87.333287 74.600000 -0.900000 0.000000 7.029000
1676075976.713775 39.482347 -87.333287 74.600000 -0.900000 -8.170393 3.949722
1676075976.720077 39.482347 -87.333287 74.600000 -0.900000 -8.170393 3.949722
1676075976.726375 39.482347 -87.333287 74.600000 -0.900000 -8.170393 3.949722
1676075976.732737 39.482347 -87.333287 74.600000 -0.900000 -8.170393 3.949722
1676075976.739099 39.482347 -87.333287 74.600000 -0.900000 -8.170393 3.949722
1676075976.745469 39.482347 -87.333287 74.600000 -0.900000 -8.170393 3.949722
1676075976.751830 39.482347 -87.333287 74.600000 -0.900000 -8.170393 3.949722
1676075976.758336 39.482347 -87.333287 74.600000 -0.900000 -8.170393 3.949722
1676075976.765020 39.482347 -87.333287 74.600000 -0.900000 -8.170393 3.949722
1676075977.766874 39.482395 -87.333347 73.800000 -0.800000 0.000000 7.446000
1676075977.773523 39.482395 -87.333347 73.800000 -0.800000 0.000000 7.446000
1676075977.779614 39.482395 -87.333347 73.800000 -0.800000 -7.452123 4.264417
1676075977.786517 39.482395 -87.333347 73.800000 -0.800000 -7.452123 4.264417
1676075977.792389 39.482395 -87.333347 73.800000 -0.800000 -7.452123 4.264417
1676075977.798729 39.482395 -87.333347 73.800000 -0.800000 -7.452123 4.264417
1676075977.805414 39.482395 -87.333347 73.800000 -0.800000 -7.452123 4.264417
1676075977.811647 39.482395 -87.333347 73.800000 -0.800000 -7.452123 4.264417
1676075977.818593 39.482395 -87.333347 73.800000 -0.800000 -7.452123 4.264417
1676075977.825107 39.482395 -87.333347 73.800000 -0.800000 -7.452123 4.264417
1676075978.811648 39.482498 -87.333378 73.500000 -0.300000 0.000000 11.792000
1676075978.818473 39.482498 -87.333378 73.500000 -0.300000 -7.262771 6.277910
1676075978.824451 39.482498 -87.333378 73.500000 -0.300000 -7.262771 6.277910
1676075978.830739 39.482498 -87.333378 73.500000 -0.300000 -7.262771 6.277910
1676075978.837411 39.482498 -87.333378 73.500000 -0.300000 -7.262771 6.277910
1676075978.843655 39.482498 -87.333378 73.500000 -0.300000 -7.262771 6.277910
1676075978.850020 39.482498 -87.333378 73.500000 -0.300000 -7.262771 6.277910
1676075978.856692 39.482498 -87.333378 73.500000 -0.300000 -7.262771 6.277910
1676075978.862925 39.482498 -87.333378 73.500000 -0.300000 -7.262771 6.277910
1676075978.869293 39.482498 -87.333378 73.500000 -0.300000 -7.262771 6.277910
1676075979.864390 39.482798 -87.333235 73.300000 -0.200000 0.000000 35.517000
1676075979.870662 39.482798 -87.333235 73.300000 -0.200000 -3.516703 13.097081
1676075979.876943 39.482798 -87.333235 73.300000 -0.200000 -3.516703 13.097081
1676075979.883699 39.482798 -87.333235 73.300000 -0.200000 -3.516703 13.097081
1676075979.889876 39.482798 -87.333235 73.300000 -0.200000 -3.516703 13.097081
1676075979.898755 39.482798 -87.333235 73.300000 -0.200000 -3.516703 13.097081
1676075979.905201 39.482798 -87.333235 73.300000 -0.200000 -3.516703 13.097081
1676075979.911653 39.482798 -87.333235 73.300000 -0.200000 -3.516703 13.097081
1676075979.918216 39.482798 -87.333235 73.300000 -0.200000 -3.516703 13.097081
1676075979.924593 39.482798 -87.333235 73.300000 -0.200000 -3.516703 13.097081
1676075980.914537 39.482952 -87.333243 72.800000 -0.500000 0.000000 17.039000
1676075980.922826 39.482952 -87.333243 72.800000 -0.500000 -4.014745 14.197265
1676075980.929107 39.482952 -87.333243 72.800000 -0.500000 -4.014745 14.197265
1676075980.935508 39.482952 -87.333243 72.800000 -0.500000 -4.014745 14.197265
1676075980.941941 39.482952 -87.333243 72.800000 -0.500000 -4.014745 14.197265
1676075980.948239 39.482952 -87.333243 72.800000 -0.500000 -4.014745 14.197265
1676075980.954595 39.482952 -87.333243 72.800000 -0.500000 -4.014745 14.197265
1676075980.960957 39.482952 -87.333243 72.800000 -0.500000 -4.014745 14.197265
1676075980.967623 39.482952 -87.333243 72.800000 -0.500000 -4.014745 14.197265
1676075980.973856 39.482952 -87.333243 72.800000 -0.500000 -4.014745 14.197265
1676075981.967034 39.483083 -87.333260 72.100000 -0.700000 0.000000 14.688000
1676075981.973270 39.483083 -87.333260 72.100000 -0.700000 -3.428712 14.033205
1676075981.979883 39.483083 -87.333260 72.100000 -0.700000 -3.428712 14.033205
1676075981.986175 39.483083 -87.333260 72.100000 -0.700000 -3.428712 14.033205
1676075981.992415 39.483083 -87.333260 72.100000 -0.700000 -3.428712 14.033205
1676075982.004302 39.483230 -87.333250 71.500000 -0.600000 0.000000 16.306000
1676075982.010265 39.483230 -87.333250 71.500000 -0.600000 0.000000 16.306000
1676075982.016927 39.483230 -87.333250 71.500000 -0.600000 0.000000 16.306000
1676075982.023648 39.483230 -87.333250 71.500000 -0.600000 0.000000 16.306000
1676075982.030022 39.483230 -87.333250 71.500000 -0.600000 0.000000 16.306000
1676075983.031634 39.483230 -87.333250 71.500000 -0.600000 0.000000 16.306000
1676075983.037727 39.483230 -87.333250 71.500000 -0.600000 -2.303667 14.286461
1676075983.044032 39.483230 -87.333250 71.500000 -0.600000 -2.303667 14.286461
1676075983.050804 39.483370 -87.333250 70.600000 -0.900000 0.000000 15.543000
1676075983.057047 39.483370 -87.333250 70.600000 -0.900000 0.000000 15.543000
1676075983.063338 39.483370 -87.333250 70.600000 -0.900000 0.000000 15.543000
1676075983.069705 39.483370 -87.333250 70.600000 -0.900000 0.000000 15.543000
1676075983.076070 39.483370 -87.333250 70.600000 -0.900000 0.000000 15.543000
1676075983.082427 39.483370 -87.333250 70.600000 -0.900000 0.000000 15.543000
1676075983.088778 39.483370 -87.333250 70.600000 -0.900000 0.000000 15.543000
1676075984.083485 39.483370 -87.333250 70.600000 -0.900000 -1.820094 14.387330
1676075984.090229 39.483370 -87.333250 70.600000 -0.900000 -1.820094 14.387330
1676075984.096330 39.483508 -87.333253 69.600000 -1.000000 0.000000 15.361000
1676075984.102555 39.483508 -87.333253 69.600000 -1.000000 0.000000 15.361000
1676075984.109227 39.483508 -87.333253 69.600000 -1.000000 0.000000 15.361000
1676075984.115464 39.483508 -87.333253 69.600000 -1.000000 0.000000 15.361000
1676075984.121829 39.483508 -87.333253 69.600000 -1.000000 0.000000 15.361000
1676075984.128502 39.483508 -87.333253 69.600000 -1.000000 0.000000 15.361000
1676075984.134728 39.483508 -87.333253 69.600000 -1.000000 0.000000 15.361000
1676075984.141408 39.483508 -87.333253 69.600000 -1.000000 0.000000 15.361000
1676075985.140095 39.483508 -87.333253 69.600000 -1.000000 -1.358313 14.423181
1676075985.146361 39.483508 -87.333253 69.600000 -1.000000 -1.358313 14.423181
1676075985.159692 39.483648 -87.333260 68.700000 -0.900000 0.000000 15.554000
1676075985.166011 39.483648 -87.333260 68.700000 -0.900000 -1.288335 14.579187
1676075985.172500 39.483648 -87.333260 68.700000 -0.900000 -1.288335 14.579187
1676075985.178733 39.483648 -87.333260 68.700000 -0.900000 -1.288335 14.579187
1676075985.185097 39.483648 -87.333260 68.700000 -0.900000 -1.288335 14.579187
1676075985.191462 39.483648 -87.333260 68.700000 -0.900000 -1.288335 14.579187
1676075985.198322 39.483648 -87.333260 68.700000 -0.900000 -1.288335 14.579187
1676075985.204390 39.483648 -87.333260 68.700000 -0.900000 -1.288335 14.579187
1676075986.197944 39.483648 -87.333260 68.700000 -0.900000 -1.288335 14.579187
1676075986.204323 39.483798 -87.333252 67.800000 -0.900000 0.000000 16.669000
1676075986.210844 39.483798 -87.333252 67.800000 -0.900000 -0.685950 14.990314
1676075986.216952 39.483798 -87.333252 67.800000 -0.900000 -0.685950 14.990314
1676075986.223321 39.483798 -87.333252 67.800000 -0.900000 -0.685950 14.990314
1676075986.230006 39.483798 -87.333252 67.800000 -0.900000 -0.685950 14.990314
1676075986.236234 39.483798 -87.333252 67.800000 -0.900000 -0.685950 14.990314
1676075986.242583 39.483798 -87.333252 67.800000 -0.900000 -0.685950 14.990314
1676075986.248929 39.483798 -87.333252 67.800000 -0.900000 -0.685950 14.990314
1676075986.255729 39.483798 -87.333252 67.800000 -0.900000 -0.685950 14.990314
1676075987.255863 39.483798 -87.333252 67.800000 -0.900000 -0.685950 14.990314
1676075987.262295 39.483953 -87.333222 67.200000 -0.600000 0.000000 17.401000
1676075987.268632 39.483953 -87.333222 67.200000 -0.600000 0.000000 17.401000
1676075987.274715 39.483953 -87.333222 67.200000 -0.600000 0.000000 17.401000
1676075987.281204 39.483953 -87.333222 67.200000 -0.600000 0.000000 17.401000
1676075987.287763 39.483953 -87.333222 67.200000 -0.600000 0.000000 17.401000
1676075987.294005 39.483953 -87.333222 67.200000 -0.600000 0.000000 17.401000
1676075987.308528 39.483953 -87.333222 67.200000 -0.600000 0.340925 15.378221
1676075987.314705 39.483953 -87.333222 67.200000 -0.600000 0.340925 15.378221
1676075987.321186 39.483953 -87.333222 67.200000 -0.600000 0.340925 15.378221
1676075988.318791 39.483953 -87.333222 67.200000 -0.600000 0.340925 15.378221
1676075988.325034 39.484110 -87.333152 66.400000 -0.800000 0.000000 18.407000
1676075988.331407 39.484110 -87.333152 66.400000 -0.800000 2.224855 15.671862
1676075988.337706 39.484110 -87.333152 66.400000 -0.800000 2.224855 15.671862
1676075988.344004 39.484110 -87.333152 66.400000 -0.800000 2.224855 15.671862
1676075988.350382 39.484110 -87.333152 66.400000 -0.800000 2.224855 15.671862
1676075988.356737 39.484110 -87.333152 66.400000 -0.800000 2.224855 15.671862
1676075988.363109 39.484110 -87.333152 66.400000 -0.800000 2.224855 15.671862
1676075988.369473 39.484110 -87.333152 66.400000 -0.800000 2.224855 15.671862
1676075988.375837 39.484110 -87.333152 66.400000 -0.800000 2.224855 15.671862
1676075989.366405 39.484300 -87.333023 65.600000 -0.800000 0.000000 23.809000
1676075989.372914 39.484300 -87.333023 65.600000 -0.800000 4.737127 16.178745
1676075989.379183 39.484300 -87.333023 65.600000 -0.800000 4.737127 16.178745
1676075989.385401 39.484300 -87.333023 65.600000 -0.800000 4.737127 16.178745
1676075989.391770 39.484300 -87.333023 65.600000 -0.800000 4.737127 16.178745
1676075989.398602 39.484300 -87.333023 65.600000 -0.800000 4.737127 16.178745
1676075989.405162 39.484300 -87.333023 65.600000 -0.800000 4.737127 16.178745
1676075989.411436 39.484300 -87.333023 65.600000 -0.800000 4.737127 16.178745
1676075989.418347 39.484300 -87.333023 65.600000 -0.800000 4.737127 16.178745
1676075989.424655 39.484300 -87.333023 65.600000 -0.800000 4.737127 16.178745
1676075990.414692 39.484482 -87.332923 64.500000 -1.100000 0.000000 21.928000
1676075990.421207 39.484482 -87.332923 64.500000 -1.100000 5.818309 16.707907
1676075990.427373 39.484482 -87.332923 64.500000 -1.100000 5.818309 16.707907
1676075990.433969 39.484482 -87.332923 64.500000 -1.100000 5.818309 16.707907
1676075990.440190 39.484482 -87.332923 64.500000 -1.100000 5.818309 16.707907
1676075990.446711 39.484482 -87.332923 64.500000 -1.100000 5.818309 16.707907
1676075990.452961 39.484482 -87.332923 64.500000 -1.100000 5.818309 16.707907
1676075990.459324 39.484482 -87.332923 64.500000 -1.100000 5.818309 16.707907
1676075990.465690 39.484482 -87.332923 64.500000 -1.100000 5.818309 16.707907
1676075990.472060 39.484482 -87.332923 64.500000 -1.100000 5.818309 16.707907
1676075991.470259 39.484663 -87.332827 63.500000 -1.000000 0.000000 21.817000
1676075991.476576 39.484663 -87.332827 63.500000 -1.000000 6.321523 17.007148
1676075991.482837 39.484663 -87.332827 63.500000 -1.000000 6.321523 17.007148
1676075991.489061 39.484663 -87.332827 63.500000 -1.000000 6.321523 17.007148
1676075991.495423 39.484663 -87.332827 63.500000 -1.000000 6.321523 17.007148
1676075991.501792 39.484663 -87.332827 63.500000 -1.000000 6.321523 17.007148
1676075991.508464 39.484663 -87.332827 63.500000 -1.000000 6.321523 17.007148
1676075991.514735 39.484663 -87.332827 63.500000 -1.000000 6.321523 17.007148
1676075991.521409 39.484663 -87.332827 63.500000 -1.000000 6.321523 17.007148
1676075991.527647 39.484663 -87.332827 63.500000 -1.000000 6.321523 17.007148
1676075992.520012 39.484830 -87.332730 62.500000 -1.000000 0.000000 20.287000
1676075992.526587 39.484830 -87.332730 62.500000 -1.000000 0.000000 20.287000
1676075992.533149 39.484830 -87.332730 62.500000 -1.000000 6.741367 17.122721
1676075992.539307 39.484830 -87.332730 62.500000 -1.000000 6.741367 17.122721
1676075992.545604 39.484830 -87.332730 62.500000 -1.000000 6.741367 17.122721
1676075992.551962 39.484830 -87.332730 62.500000 -1.000000 6.741367 17.122721
1676075992.558361 39.484830 -87.332730 62.500000 -1.000000 6.741367 17.122721
1676075992.565046 39.484830 -87.332730 62.500000 -1.000000 6.741367 17.122721
1676075992.571282 39.484830 -87.332730 62.500000 -1.000000 6.741367 17.122721
1676075992.577954 39.484830 -87.332730 62.500000 -1.000000 6.741367 17.122721
1676075993.569842 39.484975 -87.332630 61.200000 -1.300000 0.000000 18.253000
1676075993.576020 39.484975 -87.332630 61.200000 -1.300000 7.013255 16.839977
1676075993.582419 39.484975 -87.332630 61.200000 -1.300000 7.013255 16.839977
1676075993.588872 39.484975 -87.332630 61.200000 -1.300000 7.013255 16.839977
1676075993.595107 39.484975 -87.332630 61.200000 -1.300000 7.013255 16.839977
1676075993.601467 39.484975 -87.332630 61.200000 -1.300000 7.013255 16.839977
1676075993.607819 39.484975 -87.332630 61.200000 -1.300000 7.013255 16.839977
1676075993.614646 39.484975 -87.332630 61.200000 -1.300000 7.013255 16.839977
1676075993.620891 39.484975 -87.332630 61.200000 -1.300000 7.013255 16.839977
1676075993.627267 39.484975 -87.332630 61.200000 -1.300000 7.013255 16.839977
1676075994.619894 39.485057 -87.332530 59.700000 -1.500000 0.000000 12.499000
1676075994.626783 39.485057 -87.332530 59.700000 -1.500000 7.117072 15.638683
1676075994.632902 39.485057 -87.332530 59.700000 -1.500000 7.117072 15.638683
1676075994.639187 39.485057 -87.332530 59.700000 -1.500000 7.117072 15.638683
1676075994.645553 39.485057 -87.332530 59.700000 -1.500000 7.117072 15.638683
1676075994.651903 39.485057 -87.332530 59.700000 -1.500000 7.117072 15.638683
1676075994.658390 39.485057 -87.332530 59.700000 -1.500000 7.117072 15.638683
1676075994.665064 39.485057 -87.332530 59.700000 -1.500000 7.117072 15.638683
1676075994.671303 39.485057 -87.332530 59.700000 -1.500000 7.117072 15.638683
1676075994.677970 39.485057 -87.332530 59.700000 -1.500000 7.117072 15.638683
1676075995.667057 39.485168 -87.332360 58.000000 -1.700000 0.000000 19.173000
1676075995.673256 39.485168 -87.332360 58.000000 -1.700000 8.429089 14.813791
1676075995.679555 39.485168 -87.332360 58.000000 -1.700000 8.429089 14.813791
1676075995.685848 39.485168 -87.332360 58.000000 -1.700000 8.429089 14.813791
1676075995.692221 39.485168 -87.332360 58.000000 -1.700000 8.429089 14.813791
1676075995.698556 39.485168 -87.332360 58.000000 -1.700000 8.429089 14.813791
1676075995.705054 39.485168 -87.332360 58.000000 -1.700000 8.429089 14.813791
1676075995.711307 39.485168 -87.332360 58.000000 -1.700000 8.429089 14.813791
1676075995.717813 39.485168 -87.332360 58.000000 -1.700000 8.429089 14.813791
1676075995.724180 39.485168 -87.332360 58.000000 -1.700000 8.429089 14.813791
1676075996.718695 39.485187 -87.332125 58.500000 0.500000 0.000000 20.320000
1676075996.724904 39.485187 -87.332125 58.500000 0.500000 10.501696 11.553361
1676075996.731161 39.485187 -87.332125 58.500000 0.500000 10.501696 11.553361
1676075996.737781 39.485187 -87.332125 58.500000 0.500000 10.501696 11.553361
1676075996.744330 39.485187 -87.332125 58.500000 0.500000 10.501696 11.553361
1676075996.750563 39.485187 -87.332125 58.500000 0.500000 10.501696 11.553361
1676075996.757235 39.485187 -87.332125 58.500000 0.500000 10.501696 11.553361
1676075996.763475 39.485187 -87.332125 58.500000 0.500000 10.501696 11.553361
1676075996.770335 39.485187 -87.332125 58.500000 0.500000 10.501696 11.553361
1676075996.776698 39.485187 -87.332125 58.500000 0.500000 10.501696 11.553361
1676075997.778864 39.485208 -87.331937 57.600000 -0.900000 0.000000 16.380000
1676075997.785500 39.485208 -87.331937 57.600000 -0.900000 0.000000 16.380000
1676075997.791605 39.485208 -87.331937 57.600000 -0.900000 11.512692 9.895488
1676075997.798500 39.485208 -87.331937 57.600000 -0.900000 11.512692 9.895488
1676075997.804376 39.485208 -87.331937 57.600000 -0.900000 11.512692 9.895488
1676075997.810735 39.485208 -87.331937 57.600000 -0.900000 11.512692 9.895488
1676075997.817407 39.485208 -87.331937 57.600000 -0.900000 11.512692 9.895488
1676075997.823639 39.485208 -87.331937 57.600000 -0.900000 11.512692 9.895488
1676075997.830584 39.485208 -87.331937 57.600000 -0.900000 11.512692 9.895488
1676075997.837097 39.485208 -87.331937 57.600000 -0.900000 11.512692 9.895488
1676075998.838815 39.485223 -87.331740 56.700000 -0.900000 0.000000 17.001000
1676075998.845329 39.485223 -87.331740 56.700000 -0.900000 12.261349 8.426992
1676075998.851492 39.485223 -87.331740 56.700000 -0.900000 12.261349 8.426992
1676075998.858291 39.485223 -87.331740 56.700000 -0.900000 12.261349 8.426992
1676075998.864651 39.485223 -87.331740 56.700000 -0.900000 12.261349 8.426992
1676075998.870883 39.485223 -87.331740 56.700000 -0.900000 12.261349 8.426992
1676075998.877248 39.485223 -87.331740 56.700000 -0.900000 12.261349 8.426992
1676075998.883606 39.485223 -87.331740 56.700000 -0.900000 12.261349 8.426992
1676075998.889972 39.485223 -87.331740 56.700000 -0.900000 12.261349 8.426992
1676075998.896337 39.485223 -87.331740 56.700000 -0.900000 12.261349 8.426992
1676075999.884073 39.485003 -87.331480 56.100000 -0.600000 0.000000 33.120000
1676075999.890576 39.485003 -87.331480 56.100000 -0.600000 13.021971 2.256307
1676075999.897112 39.485003 -87.331480 56.100000 -0.600000 13.021971 2.256307
1676075999.903579 39.485003 -87.331480 56.100000 -0.600000 13.021971 2.256307
1676075999.909823 39.485003 -87.331480 56.100000 -0.600000 13.021971 2.256307
1676075999.916602 39.485003 -87.331480 56.100000 -0.600000 13.021971 2.256307
1676075999.922777 39.485003 -87.331480 56.100000 -0.600000 13.021971 2.256307
1676075999.929138 39.485003 -87.331480 56.100000 -0.600000 13.021971 2.256307
1676075999.935512 39.485003 -87.331480 56.100000 -0.600000 13.021971 2.256307
1676075999.942394 39.485003 -87.331480 56.100000 -0.600000 13.021971 2.256307
1676076000.943458 39.484965 -87.331305 54.900000 -1.200000 0.000000 15.646000
1676076000.950282 39.484965 -87.331305 54.900000 -1.200000 12.915273 1.437269
1676076000.962032 39.484965 -87.331305 54.900000 -1.200000 12.915273 1.437269
1676076000.968513 39.484828 -87.331112 53.700000 -1.200000 0.000000 22.514000
1676076000.974719 39.484828 -87.331112 53.700000 -1.200000 0.000000 22.514000
1676076000.981085 39.484828 -87.331112 53.700000 -1.200000 0.000000 22.514000
1676076000.987464 39.484828 -87.331112 53.700000 -1.200000 0.000000 22.514000
1676076000.993815 39.484828 -87.331112 53.700000 -1.200000 0.000000 22.514000
1676076001.000501 39.484828 -87.331112 53.700000 -1.200000 0.000000 22.514000
1676076001.006771 39.484828 -87.331112 53.700000 -1.200000 0.000000 22.514000
1676076001.992538 39.484828 -87.331112 53.700000 -1.200000 11.085872 -2.225238
1676076001.998741 39.484828 -87.331112 53.700000 -1.200000 11.085872 -2.225238
