1676862973.602855 15.363937 0.109464 0.000000
1676862973.614713 15.329493 0.176846 -0.001755
1676862973.630605 15.295108 0.244249 -0.005261
1676862973.650827 15.261121 0.311672 -0.010441
1676862973.661962 15.226992 0.379116 -0.017404
1676862973.676897 15.193853 0.446580 -0.025816
1676862973.689913 15.160106 0.514066 -0.036170
1676862973.709033 15.128170 0.581571 -0.047535
1676862973.715358 15.094930 0.649098 -0.061189
1676862973.739558 15.064506 0.716642 -0.075146
1676862973.742544 15.031786 0.784201 -0.091165
1676862973.759433 15.003121 0.851782 -0.107192
1676862973.772213 14.971200 0.919385 -0.126983
1676862973.786019 14.944504 0.987012 -0.144723
1676862973.803303 14.913386 1.054656 -0.167431
1676862973.817858 14.888800 1.122326 -0.186405
1676862973.820673 14.858562 1.190008 -0.211876
1676862973.835560 14.836170 1.257727 -0.231604
1676862973.846410 14.806873 1.325445 -0.259683
1676862973.855598 14.786700 1.393221 -0.279704
1676862973.867479 14.757710 1.460904 -0.304292
1676862973.874393 14.739706 1.528737 -0.323905
1676862973.884066 14.712365 1.596517 -0.356310
1676862973.897950 14.696503 1.664428 -0.375417
1676862973.908133 14.670202 1.732241 -0.409959
1676862973.922623 14.656384 1.800244 -0.428211
1676862973.932104 14.631132 1.868088 -0.464734
1676862973.944266 14.619241 1.936210 -0.481828
1676862973.959643 14.595042 2.004089 -0.520175
1676862973.970714 14.584940 2.072352 -0.535859
1676862973.980093 14.559804 2.139924 -0.558644
1676862973.995371 14.551307 2.208324 -0.572424
1676862974.004349 14.529090 2.276264 -0.613243
1676862974.012445 14.522083 2.344865 -0.625315
1676862974.027472 14.500879 2.412844 -0.667612
1676862974.036089 14.495205 2.481683 -0.677864
1676862974.054088 14.474986 2.549708 -0.721516
1676862974.060794 14.470490 2.618824 -0.729873
1676862974.077822 14.451228 2.686897 -0.774774
1676862974.090255 14.447762 2.756332 -0.781194
1676862974.093041 14.425360 2.823326 -0.792691
1676862974.106474 14.422774 2.892988 -0.796997
1676862974.118181 14.405183 2.961141 -0.842949
1676862974.128160 14.403361 3.031201 -0.845368
1676862974.142504 14.386628 3.099420 -0.892358
1676862974.151949 14.385446 3.169931 -0.892919
1676862974.160420 14.369535 3.238224 -0.940873
1676862974.174626 14.368881 3.309238 -0.939621
1676862974.184334 14.353753 3.377612 -0.988471
1676862974.199368 14.353523 3.449185 -0.985470
1676862974.209027 14.332202 3.514649 -0.978225
1676862974.223430 14.332359 3.586422 -0.973577
1676862974.234543 14.318490 3.654906 -1.022528
1676862974.245784 14.318905 3.727316 -1.016305
1676862974.260297 14.305714 3.795900 -1.066067
1676862974.268324 14.306321 3.869007 -1.058349
1676862974.275493 14.293768 3.937706 -1.108875
1676862974.286994 14.294497 4.011575 -1.099749
1676862974.299432 14.282548 4.080402 -1.150994
1676862974.310123 14.283344 4.155096 -1.140549
1676862974.322560 14.261372 4.217267 -1.108813
1676862974.332067 14.262326 4.291902 -1.097338
1676862974.342543 14.251238 4.360868 -1.148073
1676862974.355477 14.252172 4.436387 -1.135452
1676862974.366852 14.241604 4.505492 -1.186892
1676862974.376113 14.242485 4.581964 -1.173208
1676862974.391394 14.232407 4.651226 -1.225328
1676862974.400359 14.233201 4.728721 -1.210677
1676862974.414089 14.223583 4.798154 -1.263447
1676862974.423548 14.224269 4.876735 -1.247918
1676862974.432142 14.200079 4.932711 -1.186823
1676862974.448133 14.200891 5.010617 -1.170746
1676862974.463995 14.191805 5.080177 -1.222586
1676862974.478972 14.192467 5.159220 -1.205747
1676862974.485171 14.183776 5.228956 -1.258268
1676862974.495504 14.184268 5.309213 -1.240752
1676862974.504560 14.175952 5.379153 -1.293931
1676862974.518464 14.176265 5.460695 -1.275831
1676862974.528280 14.168302 5.530848 -1.329637
1676862974.545975 14.168431 5.613747 -1.311025
1676862974.554710 14.140648 5.659338 -1.215940
1676862974.564127 14.140984 5.740503 -1.197027
1676862974.578579 14.133291 5.810726 -1.249602
1676862974.590229 14.133421 5.893292 -1.230240
1676862974.600186 14.126034 5.963727 -1.283501
1676862974.614305 14.125956 6.047776 -1.263767
1676862974.626420 14.118856 6.118442 -1.317694
1676862974.636189 14.118567 6.204054 -1.297660
1676862974.649259 14.111736 6.274969 -1.352243
1676862974.664002 14.111241 6.362223 -1.332002
1676862974.670521 14.078650 6.391863 -1.198121
1676862974.683560 14.078516 6.475807 -1.177568
1676862974.695145 14.071745 6.546680 -1.230650
1676862974.704225 14.071383 6.632310 -1.209876
1676862974.711353 14.064854 6.703417 -1.263672
1676862974.723504 14.064267 6.790816 -1.242758
1676862974.733807 14.057963 6.862178 -1.297244
1676862974.745316 14.057158 6.951425 -1.276261
1676862974.760394 14.051064 7.023063 -1.331421
1676862974.778514 14.050042 7.114252 -1.310451
1676862974.786094 14.011554 7.121100 -1.132566
1676862974.796209 14.011102 7.206777 -1.111032
1676862974.810849 14.004915 7.278182 -1.164420
1676862974.826723 14.004220 7.365835 -1.142826
1676862974.836547 13.998238 7.437475 -1.196943
1676862974.857995 13.997304 7.527211 -1.175379
1676862974.866105 13.991511 7.599115 -1.230206
1676862974.882550 13.990351 7.691028 -1.208743
1676862974.896288 13.984733 7.763222 -1.264269
1676862974.906861 13.983353 7.857406 -1.242993
1676862974.922838 13.937981 7.833608 -1.015424
1676862974.929860 13.937433 7.919419 -0.993076
1676862974.943550 13.931589 7.991140 -1.046548
1676862974.951872 13.930779 8.079287 -1.024253
1676862974.963393 13.925111 8.151234 -1.078475
1676862974.975230 13.924048 8.241804 -1.056317
1676862974.982998 13.918543 8.314005 -1.111268
1676862974.992982 13.917231 8.407095 -1.089325
1676862975.006038 13.911881 8.479579 -1.144991
1676862975.015955 13.910329 8.575282 -1.123350
1676862975.026042 13.857137 8.512457 -0.840106
1676862975.039477 13.856731 8.596147 -0.816681
1676862975.055229 13.851063 8.667840 -0.869979
1676862975.063952 13.850360 8.754238 -0.846664
1676862975.071109 13.844858 8.826118 -0.900718
1676862975.083405 13.843873 8.915340 -0.877592
1676862975.100390 13.838521 8.987443 -0.932384
1676862975.115562 13.837267 9.079586 -0.909549
1676862975.126418 13.832053 9.151950 -0.965059
1676862975.135534 13.830536 9.247113 -0.942593
1676862975.146651 13.768640 9.137068 -0.597584
1676862975.154678 13.768660 9.215781 -0.572505
1676862975.166348 13.763042 9.286995 -0.625297
1676862975.178226 13.762722 9.368847 -0.600321
1676862975.190290 13.757262 9.440192 -0.653866
1676862975.202199 13.756621 9.525287 -0.629073
1676862975.214755 13.751305 9.596803 -0.683358
1676862975.226604 13.750356 9.685246 -0.658850
1676862975.238170 13.745171 9.756978 -0.713856
1676862975.251142 13.743922 9.848855 -0.689722
1676862975.263482 13.672476 9.684609 -0.277140
1676862975.274458 13.673259 9.754736 -0.249517
1676862975.284158 13.667595 9.824925 -0.301445
1676862975.302308 13.667977 9.898668 -0.273845
1676862975.312815 13.662473 9.968906 -0.326520
1676862975.324367 13.662476 10.046355 -0.299041
1676862975.339612 13.657118 10.116690 -0.352442
1676862975.349988 13.656755 10.197920 -0.325179
1676862975.360236 13.651532 10.268399 -0.379288
1676862975.368398 13.650819 10.353495 -0.352352
1676862975.386594 13.569020 10.130616 0.132890
1676862975.395486 13.570927 10.187813 0.164075
1676862975.404845 13.565167 10.256352 0.113426
1676862975.415019 13.566590 10.317699 0.144723
1676862975.427376 13.560997 10.386178 0.093355
1676862975.440199 13.561963 10.451730 0.124674
1676862975.457013 13.556524 10.520198 0.072605
1676862975.468295 13.557054 10.590009 0.103836
1676862975.475761 13.551756 10.658520 0.051084
1676862975.489754 13.551873 10.732652 0.082119
1676862975.499984 13.458988 10.450858 0.643888
1676862975.513963 13.462435 10.490141 0.679604
1676862975.527597 13.456561 10.556332 0.630663
1676862975.539629 13.459425 10.600328 0.666728
1676862975.549925 13.453733 10.666311 0.617091
1676862975.559974 13.456048 10.715023 0.653399
1676862975.588761 13.450523 10.780862 0.603088
1676862975.595027 13.452318 10.834287 0.639520
1676862975.606789 13.446946 10.900037 0.588558
1676862975.618455 13.448247 10.958197 0.625008
1676862975.624622 13.343585 10.623195 1.265444
1676862975.633848 13.349034 10.639006 1.306404
1676862975.647401 13.343055 10.702113 1.259555
1676862975.655974 13.347818 10.723228 1.301192
1676862975.664366 13.342036 10.785943 1.253666
1676862975.679966 13.346143 10.812299 1.295853
1676862975.694382 13.340545 10.874697 1.247681
1676862975.704101 13.344037 10.906235 1.290291
1676862975.721679 13.338608 10.968383 1.241498
1676862975.730793 13.341521 11.005045 1.284406
1676862975.739240 13.224392 10.630357 2.003611
1676862975.754387 13.232376 10.616881 2.049929
1676862975.764169 13.226312 10.676197 2.005481
1676862975.780692 13.233462 10.668788 2.052874
1676862975.793198 13.227620 10.727501 2.007769
1676862975.807045 13.233988 10.725944 2.056099
1676862975.815730 13.228350 10.784136 2.010370
1676862975.825975 13.233989 10.788233 2.059496
1676862975.837968 13.228540 10.845975 2.013170
1676862975.852366 13.233501 10.855547 2.062953
1676862975.864338 13.103179 10.463894 2.859069
1676862975.876935 13.114167 10.415697 2.909918
1676862975.886353 13.108069 10.470586 2.868065
1676862975.896184 13.118059 10.429366 2.920483
1676862975.911520 13.112212 10.483408 2.877969
1676862975.925552 13.121281 10.448733 2.931790
1676862975.934154 13.115665 10.502020 2.888650
1676862975.954855 13.123884 10.473516 2.943708
1676862975.962617 13.118480 10.526129 2.899978
1676862975.978936 13.125921 10.503495 2.956108
1676862975.995239 12.981581 10.127202 3.825865
1676862976.010349 12.995971 10.039799 3.879269
1676862976.021144 12.989900 10.089782 3.840007
1676862976.034733 13.003129 10.010550 3.895557
1676862976.050440 12.997333 10.059422 3.855597
1676862976.060965 13.009486 9.987650 3.913087
1676862976.074878 13.003948 10.035513 3.872473
1676862976.082048 13.015120 9.970588 3.931694
1676862976.094298 13.009817 10.017536 3.890465
1676862976.107288 13.020095 9.958935 3.951211
1676862976.116426 12.860743 9.638648 4.891135
1676862976.131311 12.878797 9.509232 4.943841
1676862976.145673 12.872807 9.554075 4.906975
1676862976.159858 12.889508 9.434444 4.962525
1676862976.169713 12.883825 9.477902 4.924887
1676862976.182636 12.899287 9.367018 4.982996
1676862976.195254 12.893884 9.409210 4.944634
1676862976.206156 12.908215 9.306149 5.005019
1676862976.212930 12.903072 9.347179 4.965980
1676862976.226639 12.916369 9.251142 5.028375
1676862976.238653 12.740845 9.032444 6.036496
1676862976.248451 12.762566 8.860525 6.084197
1676862976.256088 12.756713 8.900307 6.049342
1676862976.272903 12.776877 8.740310 6.100731
1676862976.286992 12.771356 8.778436 6.064992
1676862976.297609 12.790111 8.628869 6.119673
1676862976.310837 12.784893 8.665476 6.083104
1676862976.320549 12.802361 8.525047 6.140705
1676862976.334569 12.797423 8.560255 6.103356
1676862976.344557 12.813731 8.427830 6.163515
1676862976.358206 12.620783 8.356044 7.241043
1676862976.370729 12.645999 8.143239 7.278797
1676862976.378969 12.640299 8.178375 7.245431
1676862976.389955 12.663746 7.980218 7.287957
1676862976.403524 12.658399 8.013441 7.253559
1676862976.414610 12.680247 7.827878 7.300298
1676862976.427827 12.675225 7.859348 7.264931
1676862976.435319 12.695627 7.684614 7.315368
1676862976.442855 12.690903 7.714469 7.279089
1676862976.452776 12.709995 7.549109 7.332733
1676862976.463399 12.498446 7.663467 8.485160
1676862976.472937 12.526756 7.413323 8.507934
1676862976.483831 12.521209 7.444537 8.475537
1676862976.493958 12.547534 7.212287 8.504513
1676862976.504113 12.542357 7.241360 8.470904
1676862976.515885 12.566900 7.024267 8.505286
1676862976.524469 12.562063 7.051383 8.470542
1676862976.535000 12.584994 6.847185 8.509615
1676862976.544769 12.580472 6.872504 8.473808
1676862976.555307 12.601966 6.679237 8.516916
1676862976.566496 12.370936 7.007999 9.753970
1676862976.575505 12.401870 6.725292 9.757183
1676862976.585640 12.396439 6.753549 9.725297
1676862976.595730 12.425151 6.492559 9.736590
1676862976.606214 12.420105 6.518466 9.703308
1676862976.616063 12.446855 6.275518 9.721543
1676862976.632338 12.442159 6.299292 9.686947
1676862976.646333 12.467150 6.071487 9.711137
1676862976.658399 12.462777 6.093307 9.675313
1676862976.671322 12.486203 5.878242 9.704588
1676862976.682509 12.235314 6.435905 11.039133
1676862976.694321 12.268372 6.126251 11.019029
1676862976.709178 12.262990 6.152648 10.987367
1676862976.734507 12.293584 5.868770 10.977735
1676862976.742259 12.288598 5.892636 10.944475
1676862976.751816 12.317041 5.629909 10.943720
1676862976.758734 12.312415 5.651495 10.908968
1676862976.770714 12.338957 5.406318 10.915753
1676862976.782055 12.334658 5.425830 10.879605
1676862976.791618 12.359520 5.195264 10.892773
1676862976.812161 12.089032 5.982476 12.339036
1676862976.819083 12.123692 5.652078 12.292931
1676862976.830898 12.118282 5.677722 12.261410
1676862976.841079 12.150227 5.377295 12.228729
1676862976.847834 12.145221 5.400258 12.195411
1676862976.858264 12.174827 5.124059 12.173934
1676862976.868165 12.170189 5.144619 12.138947
1676862976.878729 12.197759 4.888285 12.126885
1676862976.888524 12.193454 4.906673 12.090341
1676862976.899097 12.219239 4.666740 12.086190
1676862976.908852 11.930098 5.672224 13.657970
1676862976.920056 11.965800 5.327814 13.584438
1676862976.929169 11.960290 5.353730 13.553198
1676862976.939757 11.993051 5.043281 13.496539
1676862976.949895 11.987945 5.066398 13.463309
1676862976.960039 12.018227 4.782968 13.420505
1676862976.975780 12.013488 4.803593 13.385433
1676862976.984197 12.041625 4.542104 13.354161
1676862976.994580 12.037219 4.560488 13.317381
1676862977.004348 12.063475 4.317026 13.295756
1676862977.014679 11.757221 5.520732 15.005046
1676862977.024497 11.793415 5.169390 14.903996
1676862977.034915 11.787727 5.196491 14.873381
1676862977.049857 11.820776 4.882550 14.792996
1676862977.055949 11.815496 4.906767 14.760203
1676862977.071607 11.845946 4.622211 14.696568
1676862977.084176 11.841030 4.643877 14.661773
1676862977.098409 11.869269 4.382901 14.611934
1676862977.106490 11.864682 4.402287 14.575290
1676862977.116526 11.891011 4.160562 14.536929
1676862977.126750 11.569676 5.537044 16.393212
1676862977.145133 11.605834 5.185757 16.265750
1676862977.152977 11.599894 5.214808 16.236266
1676862977.164047 11.632749 4.903661 16.133491
1676862977.178136 11.627217 4.929775 16.101657
1676862977.190466 11.657379 4.649852 16.018666
1676862977.201327 11.652212 4.673381 15.984688
1676862977.215701 11.680110 4.418314 15.917870
1676862977.226709 11.675271 4.439544 15.881927
1676862977.235608 11.701224 4.204557 15.828465
1676862977.250888 11.367170 5.725878 17.838577
1676862977.262005 11.402655 5.381811 17.687206
1676862977.275201 11.396430 5.413427 17.659522
1676862977.284023 11.428552 5.111283 17.536822
1676862977.292341 11.422727 5.139957 17.506632
1676862977.310273 11.452151 4.870027 17.406633
1676862977.321893 11.446681 4.896123 17.374165
1676862977.335045 11.473859 4.651652 17.292600
1676862977.344155 11.468710 4.675457 17.258053
1676862977.358885 11.493959 4.451470 17.191679
1676862977.367478 11.149719 6.089410 19.359987
1676862977.379005 11.184016 5.758839 19.187950
1676862977.388077 11.177461 5.793530 19.162803
1676862977.401811 11.208394 5.505834 19.023317
1676862977.413044 11.202230 5.537609 18.995530
1676862977.422541 11.230492 5.282640 18.881639
1676862977.432394 11.224677 5.311867 18.851475
1676862977.448435 11.250738 5.082548 18.758227
1676862977.463086 11.245239 5.109514 18.725897
1676862977.472847 11.269434 4.900704 18.649584
1676862977.486292 10.917595 6.628069 20.978341
1676862977.500733 10.950114 6.317176 20.790056
1676862977.508762 10.943211 6.355348 20.768300
1676862977.519849 10.972470 6.087256 20.616036
1676862977.531465 10.965945 6.122576 20.591524
1676862977.542567 10.992639 5.886922 20.467394
1676862977.552148 10.986455 5.919759 20.440411
1676862977.564058 11.011045 5.709451 20.338914
1676862977.578115 11.005170 5.740090 20.309695
1676862977.586597 11.027994 5.549970 20.226744
1676862977.603081 10.671081 7.341251 22.716327
1676862977.606194 10.701298 7.055175 22.516621
1676862977.621176 10.694037 7.097195 22.499165
1676862977.633909 10.721190 6.853108 22.338565
1676862977.649814 10.714290 6.892375 22.318263
1676862977.656789 10.739071 6.679910 22.188014
1676862977.667309 10.732493 6.716785 22.165163
1676862977.683119 10.755341 6.528963 22.059295
1676862977.693769 10.749055 6.563727 22.034157
1676862977.705524 10.770274 6.395498 21.948274
1676862977.716166 10.410625 8.226874 24.597263
1676862977.729990 10.438068 7.969998 24.391362
1676862977.736857 10.430429 8.016201 24.379133
1676862977.749550 10.455083 7.799796 24.214871
1676862977.758480 10.447790 7.843380 24.199721
1676862977.768058 10.470293 7.657455 24.067767
1676862977.777987 10.463309 7.698771 24.050027
1676862977.787869 10.484079 7.536522 23.943975
1676862977.798307 10.477375 7.575837 23.923913
1676862977.808137 10.496695 7.432344 23.839064
1676862977.818284 10.136380 9.281452 26.644108
1676862977.828434 10.160598 9.057402 26.437398
1676862977.838609 10.152579 9.108148 26.431332
1676862977.848528 10.174368 8.922614 26.268330
1676862977.858999 10.166669 8.970903 26.259297
1676862977.869878 10.186596 8.814343 26.130160
1676862977.879981 10.179187 8.860512 26.118507
1676862977.889918 10.197605 8.726454 26.016527
1676862977.899929 10.190465 8.770756 26.002537
1676862977.910639 10.207643 8.654495 25.922801
1676862977.920203 9.848293 10.499942 28.878303
1676862977.930498 9.868898 10.311601 28.676201
1676862977.940448 9.860477 10.367277 28.677219
1676862977.951013 9.879077 10.215114 28.520339
1676862977.960612 9.870949 10.268520 28.518366
1676862977.971146 9.888015 10.143614 28.396539
1676862977.980839 9.880157 10.195071 28.391933
1676862977.991523 9.896009 10.091349 28.298240
1676862978.001203 9.888395 10.141093 28.291300
1676862978.011784 9.903247 10.054159 28.220681
1676862978.021627 9.545931 11.874904 31.318252
1676862978.031845 9.562633 11.724379 31.125988
1676862978.041971 9.553755 11.785400 31.134952
1676862978.052196 9.568938 11.668427 30.988786
1676862978.062737 9.560319 11.727403 30.994743
1676862978.072622 9.574356 11.635799 30.884376
1676862978.083144 9.565974 11.693026 30.887702
1676862978.092831 9.579090 11.621224 30.806143
1676862978.110511 9.570930 11.676924 30.807140
1676862978.114377 9.583280 11.620885 30.749307
1676862978.126263 9.228408 13.395769 33.977211
1676862978.144160 9.241007 13.284138 33.799311
1676862978.165905 9.231585 13.351013 33.817001
1676862978.174053 9.243134 13.270162 33.685583
1676862978.194593 9.233946 13.335230 33.700278
1676862978.204811 9.244736 13.277744 33.604976
1676862978.214570 9.235757 13.341281 33.617045
1676862978.227512 9.245947 13.302135 33.550887
1676862978.236506 9.237165 13.364345 33.560640
1676862978.251214 9.246866 13.339881 33.518567
1676862978.262472 8.894166 15.047217 36.861247
1676862978.274141 8.902626 14.974329 36.701276
1676862978.282105 8.892531 15.047579 36.728333
1676862978.291224 8.900437 15.002554 36.614567
1676862978.301054 8.890539 15.074251 36.638639
1676862978.311848 8.898046 15.050508 36.560897
1676862978.322039 8.888334 15.120900 36.582358
1676862978.331957 8.895541 15.113973 36.533746
1676862978.342667 8.886004 15.183247 36.552899
1676862978.352329 8.892979 15.189844 36.528369
1676862978.362896 8.541545 16.807411 39.966172
1676862978.372567 8.546002 16.771656 39.826190
1676862978.386185 8.535082 16.851802 39.863056
1676862978.392914 8.539447 16.841007 39.768554
1676862978.403296 8.528686 16.919847 39.802452
1676862978.415280 8.533030 16.928222 39.743432
1676862978.425802 8.522415 17.005983 39.774723
1676862978.435414 8.526770 17.029622 39.744464
1676862978.444956 8.516291 17.106483 39.773448
1676862978.455849 8.520648 17.142490 39.767099
1676862978.465565 8.169132 18.647958 43.276595
1676862978.475716 8.169931 18.646585 43.157628
1676862978.486527 8.157944 18.734034 43.204576
1676862978.496477 8.159054 18.754665 43.129632
1676862978.507002 8.147189 18.841075 43.173612
1676862978.516858 8.148572 18.878799 43.133264
1676862978.528007 8.136829 18.964358 43.174641
1676862978.537924 8.138473 19.015801 43.162414
1676862978.548012 8.126842 19.100668 43.201478
1676862978.566834 8.128714 19.163370 43.212768
1676862978.582112 7.775555 20.535083 46.767603
1676862978.585220 7.773162 20.564267 46.669069
1676862978.595955 7.759862 20.659340 46.726114
1676862978.610459 7.758097 20.707723 46.669834
1676862978.622588 7.744883 20.801980 46.723901
1676862978.630771 7.743646 20.865390 46.700956
1676862978.643622 7.730524 20.958999 46.752399
1676862978.652272 7.729737 21.034539 46.756654
1676862978.665752 7.716709 21.127630 46.805765
1676862978.678806 7.716310 21.213227 46.832831
1676862978.691320 7.359975 22.431180 50.404968
1676862978.700443 7.354993 22.486232 50.324949
1676862978.712388 7.340158 22.589022 50.391859
1676862978.727510 7.336025 22.660710 50.352233
1676862978.737940 7.321257 22.762879 50.416157
1676862978.747682 7.317840 22.847697 50.408514
1676862978.759507 7.303137 22.949392 50.469794
1676862978.770617 7.300338 23.044925 50.488373
1676862978.782128 7.285699 23.146260 50.547292
1676862978.794555 7.283426 23.250714 50.587898
1676862978.805656 6.922611 24.297492 54.149192
1676862978.819632 6.915705 24.373754 54.085592
1676862978.830830 6.899067 24.484112 54.161980
1676862978.843846 6.893129 24.574694 54.136794
1676862978.853955 6.876535 24.684594 54.210184
1676862978.864140 6.871431 24.786604 54.215560
1676862978.878450 6.854888 24.896175 54.286276
1676862978.887499 6.850498 25.007573 54.316828
1676862978.897954 6.834007 25.116913 54.385145
1676862978.908339 6.830238 25.236200 54.436933
1676862978.922409 6.464011 26.097557 57.960558
1676862978.932054 6.455814 26.190581 57.911065
1676862978.945934 6.437173 26.308112 57.996361
1676862978.955945 6.429986 26.413486 57.983450
1676862978.970340 6.411384 26.530684 58.065734
1676862978.980249 6.405059 26.646021 58.082197
1676862978.992228 6.386505 26.762994 58.161791
1676862979.006622 6.380929 26.886611 58.202567
1676862979.015017 6.362427 27.003452 58.279732
1676862979.035790 6.357498 27.134094 58.341115
1676862979.043044 5.985442 27.799217 61.802679
1676862979.051530 5.976526 27.905307 61.765995
1676862979.062160 5.955743 28.029395 61.859574
1676862979.075514 5.947784 28.146187 61.857830
1676862979.085843 5.927038 28.270046 61.948408
1676862979.099032 5.919924 28.395522 61.974794
1676862979.110167 5.899213 28.519249 62.062670
1676862979.120117 5.892833 28.651973 62.112453
1676862979.134705 5.872164 28.775632 62.197880
1676862979.143670 5.866428 28.914529 62.267553
1676862979.154544 5.488627 29.376039 65.645829
1676862979.162886 5.479433 29.491779 65.620644
1676862979.175389 5.456353 29.621603 65.721824
1676862979.186606 5.448017 29.746566 65.729943
1676862979.196987 5.424981 29.876224 65.828125
1676862979.222034 5.417412 30.008757 65.863300
1676862979.238176 5.394421 30.138339 65.958781
1676862979.248928 5.387542 30.277217 66.016497
1676862979.258466 5.364589 30.406788 66.109526
1676862979.275039 5.358322 30.551074 66.186446
1676862979.285622 4.975502 30.805021 69.463656
1676862979.306829 4.966410 30.927304 69.448852
1676862979.317729 4.940957 31.061904 69.556949
1676862979.331686 4.932613 31.192069 69.573772
1676862979.340822 4.907219 31.326549 69.678883
1676862979.369701 4.899564 31.463242 69.721615
1676862979.375504 4.874230 31.597675 69.824020
1676862979.384768 4.867176 31.739913 69.888597
1676862979.398582 4.841901 31.874350 69.988539
1676862979.411144 4.835379 32.021365 70.071844
1676862979.420171 4.449015 32.067133 73.233724
1676862979.435406 4.440370 32.193301 73.228786
1676862979.442496 4.412553 32.331579 73.343064
1676862979.456202 4.404472 32.464567 73.368463
1676862979.472157 4.376726 32.602752 73.479787
1676862979.488891 4.369180 32.741443 73.530229
1676862979.495807 4.341494 32.879601 73.638875
1676862979.508479 4.334442 33.023133 73.710446
1676862979.520693 4.306818 33.161313 73.816645
1676862979.528917 4.300217 33.309018 73.906326
1676862979.542609 3.912485 33.149125 76.941833
1676862979.554720 3.904445 33.276855 76.946447
1676862979.564422 3.874267 33.417688 77.066244
1676862979.575291 3.866630 33.551165 77.099690
1676862979.587595 3.836553 33.691912 77.216570
1676862979.602756 3.829304 33.830243 77.274042
1676862979.606260 3.799325 33.970958 77.388263
1676862979.616321 3.792456 34.113476 77.466166
1676862979.628383 3.762562 34.254212 77.577955
1676862979.636811 3.756050 34.400389 77.673481
1676862979.655744 3.369992 34.040399 80.574396
1676862979.658622 3.362747 34.167548 80.588303
1676862979.674655 3.330315 34.309770 80.712937
1676862979.687530 3.323312 34.441782 80.754264
1676862979.699823 3.290993 34.583926 80.876017
1676862979.707963 3.284256 34.720045 80.940301
1676862979.720212 3.252048 34.862157 81.059421
1676862979.731343 3.245580 35.001815 81.143311
1676862979.741781 3.213477 35.143934 81.260010
1676862979.756925 3.207268 35.286711 81.360921
1676862979.768016 2.826564 34.735062 84.121321
1676862979.782991 2.820282 34.859636 84.143756
1676862979.792921 2.785706 35.002100 84.272513
1676862979.810930 2.779528 35.130709 84.321019
1676862979.827592 2.745082 35.273087 84.446938
1676862979.843340 2.739048 35.405098 84.517389
1676862979.847669 2.704736 35.547426 84.640701
1676862979.860018 2.698879 35.682388 84.729993
1676862979.873996 2.664695 35.824700 84.850901
1676862979.893290 2.658975 35.962298 84.956699
1676862979.906912 2.287898 35.230170 87.572542
1676862979.918020 2.282640 35.350396 87.602973
1676862979.931365 2.246124 35.491989 87.735158
1676862979.940387 2.240816 35.615528 87.790500
1676862979.948815 2.204464 35.757025 87.919898
1676862979.962867 2.199166 35.883398 87.996357
1676862979.971374 2.162970 36.024836 88.123194
1676862979.982539 2.157707 36.153686 88.217888
1676862979.994472 2.121661 36.295091 88.342356
1676862980.010139 2.116473 36.426154 88.452991
1676862980.016047 1.759663 35.527156 90.921599
1676862980.030025 1.755469 35.641743 90.959869
1676862980.039444 1.717213 35.781456 91.094815
1676862980.047918 1.712882 35.898683 91.156718
1676862980.060025 1.674797 36.038286 91.288927
1676862980.074344 1.670418 36.157771 91.370947
1676862980.084343 1.632496 36.297296 91.500633
1676862980.098188 1.628119 36.418728 91.600028
1676862980.108215 1.590357 36.558195 91.727376
1676862980.126430 1.586000 36.681367 91.842014
1676862980.135151 1.248036 35.631176 94.161672
1676862980.143571 1.245017 35.738761 94.206702
1676862980.154031 1.205240 35.875658 94.343709
1676862980.166470 1.202036 35.985214 94.411070
1676862980.178631 1.162464 36.121984 94.545380
1676862980.192240 1.159153 36.233241 94.631931
1676862980.200216 1.119777 36.369909 94.763752
1676862980.212212 1.116415 36.482666 94.867023
1676862980.223747 1.077226 36.619255 94.996536
1676862980.235625 1.073835 36.733380 95.114558
1676862980.244953 0.759092 35.549479 97.284400
1676862980.252717 0.757303 35.649050 97.335563
1676862980.268113 0.716307 35.782305 97.473914
1676862980.276888 0.714282 35.883270 97.546286
1676862980.290003 0.673512 36.016374 97.681991
1676862980.301968 0.671342 36.118537 97.772654
1676862980.326845 0.630788 36.251518 97.905912
1676862980.339583 0.628555 36.354760 98.012596
1676862980.352068 0.588206 36.487635 98.143577
1676862980.371545 0.585923 36.591849 98.264406
1676862980.381859 0.298188 35.293008 100.284124
1676862980.396110 0.297674 35.383781 100.340730
1676862980.414900 0.255758 35.512681 100.479724
1676862980.430456 0.255047 35.604306 100.556363
1676862980.441736 0.213377 35.733039 100.692756
1676862980.457243 0.212582 35.825410 100.786786
1676862980.473267 0.171143 35.953994 100.920764
1676862980.482064 0.170318 36.047006 101.030032
1676862980.495590 0.129099 36.175453 101.161751
1676862980.505832 0.128284 36.269053 101.284536
1676862980.520071 -0.129583 34.874865 103.154322
1676862980.531575 -0.128500 34.956222 103.215323
1676862980.539984 -0.171054 35.080173 103.354201
1676862980.548371 -0.170143 35.161857 103.434095
1676862980.565619 -0.212427 35.285619 103.570413
1676862980.579647 -0.211605 35.367568 103.666791
1676862980.590299 -0.253629 35.491161 103.800727
1676862980.602909 -0.252855 35.573363 103.911700
1676862980.614834 -0.294629 35.696800 104.043415
1676862980.624376 -0.293820 35.779248 104.167364
